3.992094e+002;0.000000e+000
4.011380e+002;0.000000e+000
4.030665e+002;0.000000e+000
4.049951e+002;0.000000e+000
4.069236e+002;0.000000e+000
4.088522e+002;0.000000e+000
4.107807e+002;0.000000e+000
4.127093e+002;0.000000e+000
4.146378e+002;0.000000e+000
4.165664e+002;0.000000e+000
4.184949e+002;0.000000e+000
4.204235e+002;0.000000e+000
4.223520e+002;0.000000e+000
4.242806e+002;0.000000e+000
4.262091e+002;0.000000e+000
4.281377e+002;0.000000e+000
4.300662e+002;0.000000e+000
4.319948e+002;0.000000e+000
4.339233e+002;0.000000e+000
4.358519e+002;0.000000e+000
4.377804e+002;0.000000e+000
4.397090e+002;0.000000e+000
4.416375e+002;0.000000e+000
4.435660e+002;0.000000e+000
4.454946e+002;0.000000e+000
4.474232e+002;0.000000e+000
4.493517e+002;0.000000e+000
4.512802e+002;0.000000e+000
4.532088e+002;0.000000e+000
4.551373e+002;0.000000e+000
4.570659e+002;0.000000e+000
4.589944e+002;0.000000e+000
4.609230e+002;0.000000e+000
4.628515e+002;0.000000e+000
4.647801e+002;0.000000e+000
4.667086e+002;0.000000e+000
4.686372e+002;0.000000e+000
4.705657e+002;0.000000e+000
4.724943e+002;0.000000e+000
4.744228e+002;0.000000e+000
4.763513e+002;0.000000e+000
4.782799e+002;0.000000e+000
4.802085e+002;0.000000e+000
4.821370e+002;0.000000e+000
4.840656e+002;0.000000e+000
4.859941e+002;0.000000e+000
4.879226e+002;0.000000e+000
4.898512e+002;0.000000e+000
4.917798e+002;0.000000e+000
4.937083e+002;0.000000e+000
4.956368e+002;0.000000e+000
4.975654e+002;0.000000e+000
4.994939e+002;0.000000e+000
5.014225e+002;0.000000e+000
5.033510e+002;0.000000e+000
5.052796e+002;0.000000e+000
5.072081e+002;0.000000e+000
5.091367e+002;0.000000e+000
5.110652e+002;0.000000e+000
5.129938e+002;0.000000e+000
5.149223e+002;0.000000e+000
5.168509e+002;0.000000e+000
5.187794e+002;0.000000e+000
5.207079e+002;0.000000e+000
5.226365e+002;0.000000e+000
5.245651e+002;0.000000e+000
5.264936e+002;0.000000e+000
5.284222e+002;0.000000e+000
5.303507e+002;0.000000e+000
5.322792e+002;0.000000e+000
5.342078e+002;0.000000e+000
5.361364e+002;0.000000e+000
5.380649e+002;0.000000e+000
5.399935e+002;0.000000e+000
5.419220e+002;0.000000e+000
5.438505e+002;0.000000e+000
5.457791e+002;0.000000e+000
5.477076e+002;0.000000e+000
5.496362e+002;0.000000e+000
5.515648e+002;0.000000e+000
5.534933e+002;0.000000e+000
5.554218e+002;0.000000e+000
5.573504e+002;0.000000e+000
5.592789e+002;0.000000e+000
5.612075e+002;0.000000e+000
5.631360e+002;0.000000e+000
5.650646e+002;0.000000e+000
5.669931e+002;0.000000e+000
5.689217e+002;0.000000e+000
5.708502e+002;0.000000e+000
5.727787e+002;0.000000e+000
5.747073e+002;0.000000e+000
5.766359e+002;0.000000e+000
5.785644e+002;0.000000e+000
5.804930e+002;0.000000e+000
5.824215e+002;0.000000e+000
5.843500e+002;0.000000e+000
5.862786e+002;0.000000e+000
5.882072e+002;0.000000e+000
5.901357e+002;0.000000e+000
5.920643e+002;0.000000e+000
5.939928e+002;0.000000e+000
5.959213e+002;0.000000e+000
5.978499e+002;0.000000e+000
5.997784e+002;2.924854e-001
6.017070e+002;2.920180e-001
6.036355e+002;2.860767e-001
6.055641e+002;2.865458e-001
6.074926e+002;2.931226e-001
6.094211e+002;2.899064e-001
6.113497e+002;2.849151e-001
6.132783e+002;2.871477e-001
6.152068e+002;2.860319e-001
6.171354e+002;2.808678e-001
6.190639e+002;2.793732e-001
6.209924e+002;2.828588e-001
6.229210e+002;2.854076e-001
6.248495e+002;2.862379e-001
6.267781e+002;2.842380e-001
6.287067e+002;2.778980e-001
6.306352e+002;2.749806e-001
6.325637e+002;2.764004e-001
6.344923e+002;2.758317e-001
6.364208e+002;2.716166e-001
6.383494e+002;2.681706e-001
6.402780e+002;2.645301e-001
6.422065e+002;2.613975e-001
6.441350e+002;2.631991e-001
6.460636e+002;2.622291e-001
6.479921e+002;2.573504e-001
6.499207e+002;2.566127e-001
6.518492e+002;2.585047e-001
6.537778e+002;2.584799e-001
6.557063e+002;2.577096e-001
6.576349e+002;2.576318e-001
6.595634e+002;2.582858e-001
6.614919e+002;2.592581e-001
6.634205e+002;2.590496e-001
6.653491e+002;2.595316e-001
6.672776e+002;2.593426e-001
6.692062e+002;2.579169e-001
6.711347e+002;2.576011e-001
6.730632e+002;2.571579e-001
6.749918e+002;2.573956e-001
6.769203e+002;2.581981e-001
6.788489e+002;2.586540e-001
6.807775e+002;2.585186e-001
6.827060e+002;2.578785e-001
6.846345e+002;2.574985e-001
6.865631e+002;2.565639e-001
6.884916e+002;2.560192e-001
6.904202e+002;2.542094e-001
6.923488e+002;2.516722e-001
6.942773e+002;2.498316e-001
6.962058e+002;2.489173e-001
6.981344e+002;2.477402e-001
7.000629e+002;2.452826e-001
7.019915e+002;2.416686e-001
7.039200e+002;2.379361e-001
7.058486e+002;2.356879e-001
7.077771e+002;2.341441e-001
7.097057e+002;2.314586e-001
7.116342e+002;2.292131e-001
7.135627e+002;2.269522e-001
7.154913e+002;2.244798e-001
7.174199e+002;2.225557e-001
7.193484e+002;2.199242e-001
7.212770e+002;2.165486e-001
7.232055e+002;2.132463e-001
7.251340e+002;2.109021e-001
7.270626e+002;2.075210e-001
7.289911e+002;2.034237e-001
7.309197e+002;2.008037e-001
7.328483e+002;1.984217e-001
7.347768e+002;1.954849e-001
7.367053e+002;1.924921e-001
7.386339e+002;1.896022e-001
7.405624e+002;1.866749e-001
7.424910e+002;1.832701e-001
7.444196e+002;1.797855e-001
7.463481e+002;1.772051e-001
7.482766e+002;1.745152e-001
7.502052e+002;1.721291e-001
7.521337e+002;1.705000e-001
7.540623e+002;1.700232e-001
7.559908e+002;1.691192e-001
7.579194e+002;1.667076e-001
7.598479e+002;1.637092e-001
7.617765e+002;1.615176e-001
7.637050e+002;1.611090e-001
7.656335e+002;1.606374e-001
7.675621e+002;1.583348e-001
7.694907e+002;1.557626e-001
7.714192e+002;1.536136e-001
7.733478e+002;1.521195e-001
7.752763e+002;1.500796e-001
7.772048e+002;1.480998e-001
7.791334e+002;1.467292e-001
7.810620e+002;1.449559e-001
7.829905e+002;1.430704e-001
7.849191e+002;1.414489e-001
7.868476e+002;1.398173e-001
7.887761e+002;1.385309e-001
7.907047e+002;1.380507e-001
7.926332e+002;1.368254e-001
7.945618e+002;1.342874e-001
7.964903e+002;1.331622e-001
7.984189e+002;1.327332e-001
8.003474e+002;1.317868e-001
8.022759e+002;1.314170e-001
8.042045e+002;1.312679e-001
8.061331e+002;1.311997e-001
8.080616e+002;1.309405e-001
8.099902e+002;1.308516e-001
8.119187e+002;1.307760e-001
8.138472e+002;1.307738e-001
8.157758e+002;1.309035e-001
8.177043e+002;1.311453e-001
8.196329e+002;1.308477e-001
8.215615e+002;1.310827e-001
8.234900e+002;1.322451e-001
8.254185e+002;1.333822e-001
8.273471e+002;1.344996e-001
8.292756e+002;1.348938e-001
8.312042e+002;1.333055e-001
8.331328e+002;1.313700e-001
8.350613e+002;1.288955e-001
8.369898e+002;1.269691e-001
8.389184e+002;1.260699e-001
8.408469e+002;1.255777e-001
8.427755e+002;1.259439e-001
8.447040e+002;1.263370e-001
8.466326e+002;1.261098e-001
8.485611e+002;1.263391e-001
8.504897e+002;1.266497e-001
8.524182e+002;1.263933e-001
8.543467e+002;1.258431e-001
8.562753e+002;1.242384e-001
8.582039e+002;1.218182e-001
8.601324e+002;1.198155e-001
8.620610e+002;1.181352e-001
8.639895e+002;1.167395e-001
8.659180e+002;1.158172e-001
8.678466e+002;1.150842e-001
8.697751e+002;1.150790e-001
8.717037e+002;1.159077e-001
8.736323e+002;1.165114e-001
8.755608e+002;1.164175e-001
8.774893e+002;1.161346e-001
8.794179e+002;1.163421e-001
8.813464e+002;1.163302e-001
8.832750e+002;1.157503e-001
8.852036e+002;1.154924e-001
8.871321e+002;1.157935e-001
8.890606e+002;1.156818e-001
8.909892e+002;1.153733e-001
8.929177e+002;1.154932e-001
8.948463e+002;1.154943e-001
8.967748e+002;1.153560e-001
8.987034e+002;1.153004e-001
9.006319e+002;1.148360e-001
9.025605e+002;1.146114e-001
9.044890e+002;1.145737e-001
9.064175e+002;1.144171e-001
9.083461e+002;1.147111e-001
9.102747e+002;1.150582e-001
9.122032e+002;1.157588e-001
9.141318e+002;1.166139e-001
9.160603e+002;1.177252e-001
9.179888e+002;1.190981e-001
9.199174e+002;1.204346e-001
9.218459e+002;1.212397e-001
9.237745e+002;1.221003e-001
9.257031e+002;1.234431e-001
9.276316e+002;1.247582e-001
9.295601e+002;1.255668e-001
9.314887e+002;1.258098e-001
9.334172e+002;1.259463e-001
9.353458e+002;1.261726e-001
9.372744e+002;1.263867e-001
9.392029e+002;1.265927e-001
9.411314e+002;1.268531e-001
9.430600e+002;1.273917e-001
9.449885e+002;1.281527e-001
9.469171e+002;1.290939e-001
9.488456e+002;1.299997e-001
9.507742e+002;1.306865e-001
9.527027e+002;1.317515e-001
9.546313e+002;1.332718e-001
9.565598e+002;1.347964e-001
9.584883e+002;1.361336e-001
9.604169e+002;1.378032e-001
9.623455e+002;1.394439e-001
9.642740e+002;1.409685e-001
9.662026e+002;1.428878e-001
9.681311e+002;1.447455e-001
9.700596e+002;1.461980e-001
9.719882e+002;1.474990e-001
9.739167e+002;1.486881e-001
9.758453e+002;1.491804e-001
9.777739e+002;1.490699e-001
9.797024e+002;1.485678e-001
9.816309e+002;1.479041e-001
9.835595e+002;1.474002e-001
9.854880e+002;1.475821e-001
9.874166e+002;1.490054e-001
9.893452e+002;1.509764e-001
9.912737e+002;1.531240e-001
9.932022e+002;1.548262e-001
9.951307e+002;1.559112e-001
9.970593e+002;1.563234e-001
9.989879e+002;1.564191e-001
1.000916e+003;1.561675e-001
1.002845e+003;1.552844e-001
1.004773e+003;1.546643e-001
1.006702e+003;1.547640e-001
1.008631e+003;1.552074e-001
1.010559e+003;1.557108e-001
1.012488e+003;1.559906e-001
1.014416e+003;1.556164e-001
1.016345e+003;1.549004e-001
1.018273e+003;1.543911e-001
1.020202e+003;1.536627e-001
1.022130e+003;1.536364e-001
1.024059e+003;1.545172e-001
1.025988e+003;1.557748e-001
1.027916e+003;1.574406e-001
1.029845e+003;1.599920e-001
1.031773e+003;1.628734e-001
1.033702e+003;1.653407e-001
1.035630e+003;1.670566e-001
1.037559e+003;1.685998e-001
1.039487e+003;1.702227e-001
1.041416e+003;1.715272e-001
1.043344e+003;1.728618e-001
1.045273e+003;1.740743e-001
1.047202e+003;1.748420e-001
1.049130e+003;1.752300e-001
1.051059e+003;1.756653e-001
1.052987e+003;1.771192e-001
1.054916e+003;1.788780e-001
1.056844e+003;1.801813e-001
1.058773e+003;1.819863e-001
1.060701e+003;1.834780e-001
1.062630e+003;1.839243e-001
1.064558e+003;1.838665e-001
1.066487e+003;1.835662e-001
1.068416e+003;1.830511e-001
1.070344e+003;1.824963e-001
1.072273e+003;1.809992e-001
1.074201e+003;1.783381e-001
1.076130e+003;1.758235e-001
1.078058e+003;1.728170e-001
1.079987e+003;1.684950e-001
1.081915e+003;1.640185e-001
1.083844e+003;1.603080e-001
1.085773e+003;1.573601e-001
1.087701e+003;1.545606e-001
1.089630e+003;1.516123e-001
1.091558e+003;1.491825e-001
1.093487e+003;1.473977e-001
1.095415e+003;1.461974e-001
1.097344e+003;1.456910e-001
1.099272e+003;1.453702e-001
1.101201e+003;1.457457e-001
1.103129e+003;1.458882e-001
1.105058e+003;1.446630e-001
1.106987e+003;1.430425e-001
1.108915e+003;1.422595e-001
1.110844e+003;1.419349e-001
1.112772e+003;1.416291e-001
1.114701e+003;1.416760e-001
1.116629e+003;1.418997e-001
1.118558e+003;1.423851e-001
1.120486e+003;1.432152e-001
1.122415e+003;1.433937e-001
1.124344e+003;1.436874e-001
1.126272e+003;1.446735e-001
1.128201e+003;1.458297e-001
1.130129e+003;1.471403e-001
1.132058e+003;1.486266e-001
1.133986e+003;1.501767e-001
1.135915e+003;1.522979e-001
1.137843e+003;1.547285e-001
1.139772e+003;1.565671e-001
1.141700e+003;1.584320e-001
1.143629e+003;1.608907e-001
1.145557e+003;1.632221e-001
1.147486e+003;1.659970e-001
1.149415e+003;1.688455e-001
1.151343e+003;1.708515e-001
1.153272e+003;1.728670e-001
1.155200e+003;1.752476e-001
1.157129e+003;1.772799e-001
1.159057e+003;1.791907e-001
1.160986e+003;1.805344e-001
1.162914e+003;1.815689e-001
1.164843e+003;1.828649e-001
1.166771e+003;1.843472e-001
1.168700e+003;1.854641e-001
1.170629e+003;1.857287e-001
1.172557e+003;1.854802e-001
1.174486e+003;1.843468e-001
1.176414e+003;1.825050e-001
1.178343e+003;1.808715e-001
1.180271e+003;1.797920e-001
1.182200e+003;1.792698e-001
1.184128e+003;1.790285e-001
1.186057e+003;1.791053e-001
1.187986e+003;1.802949e-001
1.189914e+003;1.823954e-001
1.191843e+003;1.848180e-001
1.193771e+003;1.878007e-001
1.195700e+003;1.911538e-001
1.197628e+003;1.945984e-001
1.199557e+003;1.986017e-001
1.201485e+003;2.032642e-001
1.203414e+003;2.086924e-001
1.205343e+003;2.142425e-001
1.207271e+003;2.198940e-001
1.209200e+003;2.248827e-001
1.211128e+003;2.295591e-001
1.213057e+003;2.346628e-001
1.214985e+003;2.392965e-001
1.216914e+003;2.432558e-001
1.218842e+003;2.468919e-001
1.220771e+003;2.499938e-001
1.222699e+003;2.526759e-001
1.224628e+003;2.553827e-001
1.226557e+003;2.573810e-001
1.228485e+003;2.581028e-001
1.230414e+003;2.579377e-001
1.232342e+003;2.571677e-001
1.234271e+003;2.556546e-001
1.236199e+003;2.535710e-001
1.238128e+003;2.512049e-001
1.240056e+003;2.486378e-001
1.241985e+003;2.459150e-001
1.243913e+003;2.436854e-001
1.245842e+003;2.418966e-001
1.247771e+003;2.404002e-001
1.249699e+003;2.388022e-001
1.251628e+003;2.367814e-001
1.253556e+003;2.347632e-001
1.255485e+003;2.335970e-001
1.257413e+003;2.320966e-001
1.259342e+003;2.296160e-001
1.261270e+003;2.268848e-001
1.263199e+003;2.236878e-001
1.265127e+003;2.205465e-001
1.267056e+003;2.176588e-001
1.268985e+003;2.147412e-001
1.270913e+003;2.118056e-001
1.272842e+003;2.090721e-001
1.274770e+003;2.061624e-001
1.276699e+003;2.031881e-001
1.278627e+003;2.002797e-001
1.280556e+003;1.980084e-001
1.282484e+003;1.966372e-001
1.284413e+003;1.954742e-001
1.286342e+003;1.944182e-001
1.288270e+003;1.934819e-001
1.290199e+003;1.928356e-001
1.292127e+003;1.924600e-001
1.294056e+003;1.921544e-001
1.295984e+003;1.921384e-001
1.297913e+003;1.918292e-001
1.299841e+003;1.915121e-001
1.301770e+003;1.916267e-001
1.303698e+003;1.916500e-001
1.305627e+003;1.913085e-001
1.307556e+003;1.909928e-001
1.309484e+003;1.907372e-001
1.311413e+003;1.903540e-001
1.313341e+003;1.901061e-001
1.315270e+003;1.902397e-001
1.317198e+003;1.906158e-001
1.319127e+003;1.911233e-001
1.321055e+003;1.916727e-001
1.322984e+003;1.923210e-001
1.324912e+003;1.932343e-001
1.326841e+003;1.940748e-001
1.328770e+003;1.946432e-001
1.330698e+003;1.954055e-001
1.332627e+003;1.961447e-001
1.334555e+003;1.963545e-001
1.336484e+003;1.963086e-001
1.338412e+003;1.960709e-001
1.340341e+003;1.959284e-001
1.342269e+003;1.959940e-001
1.344198e+003;1.955539e-001
1.346126e+003;1.950384e-001
1.348055e+003;1.950684e-001
1.349984e+003;1.950978e-001
1.351912e+003;1.953726e-001
1.353841e+003;1.963040e-001
1.355769e+003;1.976032e-001
1.357698e+003;1.995142e-001
1.359626e+003;2.024068e-001
1.361555e+003;2.060062e-001
1.363483e+003;2.097243e-001
1.365412e+003;2.129605e-001
1.367341e+003;2.154623e-001
1.369269e+003;2.171448e-001
1.371198e+003;2.172658e-001
1.373126e+003;2.166970e-001
1.375055e+003;2.162960e-001
1.376983e+003;2.161226e-001
1.378912e+003;2.159290e-001
1.380840e+003;2.162244e-001
1.382769e+003;2.167540e-001
1.384698e+003;2.170763e-001
1.386626e+003;2.174013e-001
1.388555e+003;2.178337e-001
1.390483e+003;2.182123e-001
1.392412e+003;2.184837e-001
1.394340e+003;2.187168e-001
1.396269e+003;2.191499e-001
1.398197e+003;2.198356e-001
1.400126e+003;2.210423e-001
1.402054e+003;2.226747e-001
1.403983e+003;2.243518e-001
1.405911e+003;2.259609e-001
1.407840e+003;2.271788e-001
1.409769e+003;2.280696e-001
1.411697e+003;2.288035e-001
1.413626e+003;2.294114e-001
1.415554e+003;2.298541e-001
1.417483e+003;2.306869e-001
1.419411e+003;2.319563e-001
1.421340e+003;2.336576e-001
1.423268e+003;2.358518e-001
1.425197e+003;2.389700e-001
1.427125e+003;2.430869e-001
1.429054e+003;2.481560e-001
1.430983e+003;2.542172e-001
1.432911e+003;2.608418e-001
1.434840e+003;2.674121e-001
1.436768e+003;2.728217e-001
1.438697e+003;2.768676e-001
1.440625e+003;2.797008e-001
1.442554e+003;2.816823e-001
1.444482e+003;2.827278e-001
1.446411e+003;2.816769e-001
1.448340e+003;2.789959e-001
1.450268e+003;2.751431e-001
1.452197e+003;2.700427e-001
1.454125e+003;2.642259e-001
1.456054e+003;2.583292e-001
1.457982e+003;2.535193e-001
1.459911e+003;2.500868e-001
1.461839e+003;2.479653e-001
1.463768e+003;2.467553e-001
1.465697e+003;2.460743e-001
1.467625e+003;2.462579e-001
1.469554e+003;2.469545e-001
1.471482e+003;2.482328e-001
1.473411e+003;2.503614e-001
1.475339e+003;2.532577e-001
1.477268e+003;2.572778e-001
1.479196e+003;2.627383e-001
1.481125e+003;2.692648e-001
1.483053e+003;2.766012e-001
1.484982e+003;2.851969e-001
1.486911e+003;2.946819e-001
1.488839e+003;3.044631e-001
1.490768e+003;3.147437e-001
1.492696e+003;3.254731e-001
1.494625e+003;3.359990e-001
1.496553e+003;3.465595e-001
1.498482e+003;3.573359e-001
1.500410e+003;3.674964e-001
1.502339e+003;3.768543e-001
1.504267e+003;3.855391e-001
1.506196e+003;3.932578e-001
1.508125e+003;4.005401e-001
1.510053e+003;4.073705e-001
1.511982e+003;4.127187e-001
1.513910e+003;4.151124e-001
1.515839e+003;4.128039e-001
1.517767e+003;4.059342e-001
1.519696e+003;3.969597e-001
1.521624e+003;3.877050e-001
1.523553e+003;3.796441e-001
1.525481e+003;3.731484e-001
1.527410e+003;3.669388e-001
1.529339e+003;3.603630e-001
1.531267e+003;3.540328e-001
1.533196e+003;3.477084e-001
1.535124e+003;3.411129e-001
1.537053e+003;3.341024e-001
1.538981e+003;3.270427e-001
1.540910e+003;3.204544e-001
1.542838e+003;3.142528e-001
1.544767e+003;3.081462e-001
1.546695e+003;3.020016e-001
1.548624e+003;2.960469e-001
1.550553e+003;2.900480e-001
1.552481e+003;2.838359e-001
1.554410e+003;2.774061e-001
1.556338e+003;2.708941e-001
1.558267e+003;2.642617e-001
1.560195e+003;2.577521e-001
1.562124e+003;2.517474e-001
1.564052e+003;2.456903e-001
1.565981e+003;2.397639e-001
1.567910e+003;2.342673e-001
1.569838e+003;2.292301e-001
1.571767e+003;2.251277e-001
1.573695e+003;2.216869e-001
1.575624e+003;2.187712e-001
1.577552e+003;2.174967e-001
1.579481e+003;2.174993e-001
1.581409e+003;2.176138e-001
1.583338e+003;2.186883e-001
1.585266e+003;2.211778e-001
1.587195e+003;2.247237e-001
1.589124e+003;2.293532e-001
1.591052e+003;2.354545e-001
1.592981e+003;2.422498e-001
1.594909e+003;2.497251e-001
1.596838e+003;2.580304e-001
1.598766e+003;2.674392e-001
1.600695e+003;2.781452e-001
1.602623e+003;2.908990e-001
1.604552e+003;3.055982e-001
1.606480e+003;3.222128e-001
1.608409e+003;3.407092e-001
1.610338e+003;3.596156e-001
1.612266e+003;3.779023e-001
1.614195e+003;3.948358e-001
1.616123e+003;4.098440e-001
1.618052e+003;4.226432e-001
1.619980e+003;4.322102e-001
1.621909e+003;4.369265e-001
1.623837e+003;4.375463e-001
1.625766e+003;4.349887e-001
1.627694e+003;4.292761e-001
1.629623e+003;4.214309e-001
1.631552e+003;4.125187e-001
1.633480e+003;4.024433e-001
1.635409e+003;3.920304e-001
1.637337e+003;3.823968e-001
1.639266e+003;3.729040e-001
1.641194e+003;3.639503e-001
1.643123e+003;3.557104e-001
1.645051e+003;3.474497e-001
1.646980e+003;3.391663e-001
1.648909e+003;3.314326e-001
1.650837e+003;3.235841e-001
1.652766e+003;3.148913e-001
1.654694e+003;3.069153e-001
1.656623e+003;2.991351e-001
1.658551e+003;2.902747e-001
1.660480e+003;2.816269e-001
1.662408e+003;2.734503e-001
1.664337e+003;2.655322e-001
1.666266e+003;2.581807e-001
1.668194e+003;2.508964e-001
1.670123e+003;2.438314e-001
1.672051e+003;2.375804e-001
1.673980e+003;2.311567e-001
1.675908e+003;2.246058e-001
1.677837e+003;2.187089e-001
1.679765e+003;2.132046e-001
1.681694e+003;2.077730e-001
1.683622e+003;2.023497e-001
1.685551e+003;1.975869e-001
1.687479e+003;1.937190e-001
1.689408e+003;1.900759e-001
1.691337e+003;1.870093e-001
1.693265e+003;1.841640e-001
1.695194e+003;1.809217e-001
1.697122e+003;1.778986e-001
1.699051e+003;1.735265e-001
1.700979e+003;1.661295e-001
1.702908e+003;1.564041e-001
1.704836e+003;1.445179e-001
1.706765e+003;1.325433e-001
1.708693e+003;1.219408e-001
1.710622e+003;1.129309e-001
1.712551e+003;1.056045e-001
1.714479e+003;9.964375e-002
1.716408e+003;9.456059e-002
1.718336e+003;9.061928e-002
1.720265e+003;8.768753e-002
1.722193e+003;8.533713e-002
1.724122e+003;8.355734e-002
1.726050e+003;8.215760e-002
1.727979e+003;8.066625e-002
1.729908e+003;7.939807e-002
1.731836e+003;7.831011e-002
1.733765e+003;7.735088e-002
1.735693e+003;7.705740e-002
1.737622e+003;7.678064e-002
1.739550e+003;7.591037e-002
1.741479e+003;7.532345e-002
1.743407e+003;7.489528e-002
1.745336e+003;7.457213e-002
1.747265e+003;7.411750e-002
1.749193e+003;7.372028e-002
1.751122e+003;7.322533e-002
1.753050e+003;7.292991e-002
1.754979e+003;7.277725e-002
1.756907e+003;7.257690e-002
1.758836e+003;7.241241e-002
1.760764e+003;7.219920e-002
1.762693e+003;7.194381e-002
1.764621e+003;7.188215e-002
1.766550e+003;7.189904e-002
1.768479e+003;7.177421e-002
1.770407e+003;7.146505e-002
1.772336e+003;7.120874e-002
1.774264e+003;7.121108e-002
1.776193e+003;7.120944e-002
1.778121e+003;7.101012e-002
1.780050e+003;7.079806e-002
1.781978e+003;7.066489e-002
1.783907e+003;7.049073e-002
1.785835e+003;7.043952e-002
1.787764e+003;7.034078e-002
1.789693e+003;7.012395e-002
1.791621e+003;6.980705e-002
1.793550e+003;6.960433e-002
1.795478e+003;6.948303e-002
1.797407e+003;6.940676e-002
1.799335e+003;6.943778e-002
1.801264e+003;6.940835e-002
1.803192e+003;6.938297e-002
1.805121e+003;6.918456e-002
1.807049e+003;6.906183e-002
1.808978e+003;6.884187e-002
1.810907e+003;6.859446e-002
1.812835e+003;6.840200e-002
1.814764e+003;6.812597e-002
1.816692e+003;6.792945e-002
1.818621e+003;6.791721e-002
1.820549e+003;6.764649e-002
1.822478e+003;6.735843e-002
1.824406e+003;6.735530e-002
1.826335e+003;6.731007e-002
1.828264e+003;6.698780e-002
1.830192e+003;6.677271e-002
1.832121e+003;6.670479e-002
1.834049e+003;6.639400e-002
1.835978e+003;6.619125e-002
1.837906e+003;6.617145e-002
1.839835e+003;6.624234e-002
1.841763e+003;6.600405e-002
1.843692e+003;6.552151e-002
1.845620e+003;6.541025e-002
1.847549e+003;6.539380e-002
1.849478e+003;6.520833e-002
1.851406e+003;6.515212e-002
1.853335e+003;6.516933e-002
1.855263e+003;6.498247e-002
1.857192e+003;6.488323e-002
1.859120e+003;6.483226e-002
1.861049e+003;6.489366e-002
1.862977e+003;6.505582e-002
1.864906e+003;6.486245e-002
1.866834e+003;6.458340e-002
1.868763e+003;6.461208e-002
1.870692e+003;6.489269e-002
1.872620e+003;6.507014e-002
1.874549e+003;6.499497e-002
1.876477e+003;6.487554e-002
1.878406e+003;6.492340e-002
1.880334e+003;6.495368e-002
1.882263e+003;6.488215e-002
1.884191e+003;6.474179e-002
1.886120e+003;6.472102e-002
1.888048e+003;6.486326e-002
1.889977e+003;6.493060e-002
1.891906e+003;6.496988e-002
1.893834e+003;6.503076e-002
1.895763e+003;6.492405e-002
1.897691e+003;6.473760e-002
1.899620e+003;6.463369e-002
1.901548e+003;6.457402e-002
1.903477e+003;6.452646e-002
1.905405e+003;6.447092e-002
1.907334e+003;6.447653e-002
1.909262e+003;6.428016e-002
1.911191e+003;6.403849e-002
1.913120e+003;6.400566e-002
1.915048e+003;6.413504e-002
1.916977e+003;6.425235e-002
1.918905e+003;6.420682e-002
1.920834e+003;6.410024e-002
1.922762e+003;6.406975e-002
1.924691e+003;6.425023e-002
1.926619e+003;6.438233e-002
1.928548e+003;6.433064e-002
1.930477e+003;6.416138e-002
1.932405e+003;6.413242e-002
1.934334e+003;6.409820e-002
1.936262e+003;6.392810e-002
1.938191e+003;6.392504e-002
1.940119e+003;6.403623e-002
1.942048e+003;6.405292e-002
1.943976e+003;6.404843e-002
1.945905e+003;6.415285e-002
1.947833e+003;6.442345e-002
1.949762e+003;6.452988e-002
1.951691e+003;6.445558e-002
1.953619e+003;6.454311e-002
1.955548e+003;6.457402e-002
1.957476e+003;6.449375e-002
1.959405e+003;6.441741e-002
1.961333e+003;6.440493e-002
1.963262e+003;6.447653e-002
1.965190e+003;6.445631e-002
1.967119e+003;6.450544e-002
1.969047e+003;6.459874e-002
1.970976e+003;6.458221e-002
1.972905e+003;6.444248e-002
1.974833e+003;6.431305e-002
1.976762e+003;6.423387e-002
1.978690e+003;6.414613e-002
1.980619e+003;6.425676e-002
1.982547e+003;6.444474e-002
1.984476e+003;6.450513e-002
1.986404e+003;6.446227e-002
1.988333e+003;6.451581e-002
1.990261e+003;6.457190e-002
1.992190e+003;6.444405e-002
1.994119e+003;6.424189e-002
1.996047e+003;6.407873e-002
1.997976e+003;6.415263e-002
1.999904e+003;6.432749e-002
2.001833e+003;6.422073e-002
2.003761e+003;6.406917e-002
2.005690e+003;6.418024e-002
2.007618e+003;6.430191e-002
2.009547e+003;6.418827e-002
2.011476e+003;6.409064e-002
2.013404e+003;6.408200e-002
2.015333e+003;6.422407e-002
2.017261e+003;6.433752e-002
2.019190e+003;6.438383e-002
2.021118e+003;6.431901e-002
2.023047e+003;6.435293e-002
2.024975e+003;6.459532e-002
2.026904e+003;6.477264e-002
2.028833e+003;6.465472e-002
2.030761e+003;6.450789e-002
2.032690e+003;6.454026e-002
2.034618e+003;6.477456e-002
2.036547e+003;6.482610e-002
2.038475e+003;6.461627e-002
2.040404e+003;6.440535e-002
2.042332e+003;6.440646e-002
2.044261e+003;6.431942e-002
2.046189e+003;6.439244e-002
2.048118e+003;6.454702e-002
2.050047e+003;6.459335e-002
2.051975e+003;6.466018e-002
2.053904e+003;6.467576e-002
2.055832e+003;6.467418e-002
2.057761e+003;6.471456e-002
2.059689e+003;6.465688e-002
2.061618e+003;6.456959e-002
2.063546e+003;6.468910e-002
2.065475e+003;6.477641e-002
2.067404e+003;6.474648e-002
2.069332e+003;6.472194e-002
2.071260e+003;6.475455e-002
2.073189e+003;6.493875e-002
2.075118e+003;6.508796e-002
2.077046e+003;6.511740e-002
2.078975e+003;6.511124e-002
2.080903e+003;6.507110e-002
2.082832e+003;6.505997e-002
2.084760e+003;6.520094e-002
2.086689e+003;6.527514e-002
2.088617e+003;6.518262e-002
2.090546e+003;6.524780e-002
2.092475e+003;6.550817e-002
2.094403e+003;6.545339e-002
2.096332e+003;6.528369e-002
2.098260e+003;6.541425e-002
2.100189e+003;6.557580e-002
2.102117e+003;6.560497e-002
2.104046e+003;6.561083e-002
2.105974e+003;6.546818e-002
2.107903e+003;6.536010e-002
2.109832e+003;6.539218e-002
2.111760e+003;6.542793e-002
2.113688e+003;6.548121e-002
2.115617e+003;6.551723e-002
2.117546e+003;6.550185e-002
2.119474e+003;6.530541e-002
2.121403e+003;6.514677e-002
2.123331e+003;6.509523e-002
2.125260e+003;6.510089e-002
2.127188e+003;6.529004e-002
2.129117e+003;6.517923e-002
2.131045e+003;6.490951e-002
2.132974e+003;6.514347e-002
2.134903e+003;6.549777e-002
2.136831e+003;6.543791e-002
2.138760e+003;6.534977e-002
2.140688e+003;6.512748e-002
2.142617e+003;6.489447e-002
2.144545e+003;6.485918e-002
2.146474e+003;6.485992e-002
2.148402e+003;6.481837e-002
2.150331e+003;6.498154e-002
2.152260e+003;6.532894e-002
2.154188e+003;6.546950e-002
2.156117e+003;6.531646e-002
2.158045e+003;6.513669e-002
2.159974e+003;6.514878e-002
2.161902e+003;6.513958e-002
2.163831e+003;6.501679e-002
2.165759e+003;6.497400e-002
2.167688e+003;6.491582e-002
2.169616e+003;6.495576e-002
2.171545e+003;6.510170e-002
2.173474e+003;6.516206e-002
2.175402e+003;6.499189e-002
2.177331e+003;6.485876e-002
2.179259e+003;6.503730e-002
2.181188e+003;6.513007e-002
2.183116e+003;6.505943e-002
2.185045e+003;6.511975e-002
2.186973e+003;6.520506e-002
2.188902e+003;6.525924e-002
2.190831e+003;6.532459e-002
2.192759e+003;6.528322e-002
2.194688e+003;6.519189e-002
2.196616e+003;6.522085e-002
2.198545e+003;6.521680e-002
2.200473e+003;6.488654e-002
2.202402e+003;6.474052e-002
2.204330e+003;6.495353e-002
2.206259e+003;6.495045e-002
2.208188e+003;6.487799e-002
2.210116e+003;6.490859e-002
2.212044e+003;6.477232e-002
2.213973e+003;6.465995e-002
2.215902e+003;6.473156e-002
2.217830e+003;6.485645e-002
2.219759e+003;6.475979e-002
2.221687e+003;6.469063e-002
2.223616e+003;6.480476e-002
2.225544e+003;6.481883e-002
2.227473e+003;6.467179e-002
2.229401e+003;6.486784e-002
2.231330e+003;6.486250e-002
2.233259e+003;6.465368e-002
2.235187e+003;6.476887e-002
2.237116e+003;6.482260e-002
2.239044e+003;6.480606e-002
2.240973e+003;6.469806e-002
2.242901e+003;6.453203e-002
2.244830e+003;6.454937e-002
2.246758e+003;6.457371e-002
2.248687e+003;6.451213e-002
2.250615e+003;6.459666e-002
2.252544e+003;6.475094e-002
2.254473e+003;6.484291e-002
2.256401e+003;6.470287e-002
2.258330e+003;6.459493e-002
2.260258e+003;6.453031e-002
2.262187e+003;6.447845e-002
2.264115e+003;6.469490e-002
2.266044e+003;6.485226e-002
2.267972e+003;6.469229e-002
2.269901e+003;6.479448e-002
2.271830e+003;6.513403e-002
2.273758e+003;6.517049e-002
2.275687e+003;6.508865e-002
2.277615e+003;6.509904e-002
2.279544e+003;6.512368e-002
2.281472e+003;6.499717e-002
2.283401e+003;6.477048e-002
2.285329e+003;6.482329e-002
2.287258e+003;6.516086e-002
2.289187e+003;6.522643e-002
2.291115e+003;6.506232e-002
2.293043e+003;6.502218e-002
2.294972e+003;6.496511e-002
2.296901e+003;6.515459e-002
2.298829e+003;6.542061e-002
2.300758e+003;6.536429e-002
2.302686e+003;6.515043e-002
2.304615e+003;6.504346e-002
2.306543e+003;6.528766e-002
2.308472e+003;6.552790e-002
2.310400e+003;6.536799e-002
2.312329e+003;6.521700e-002
2.314258e+003;6.518900e-002
2.316186e+003;6.530083e-002
2.318115e+003;6.534400e-002
2.320043e+003;6.526452e-002
2.321972e+003;6.530075e-002
2.323900e+003;6.528943e-002
2.325829e+003;6.514674e-002
2.327757e+003;6.515139e-002
2.329686e+003;6.523005e-002
2.331615e+003;6.504966e-002
2.333543e+003;6.493156e-002
2.335472e+003;6.501903e-002
2.337400e+003;6.500810e-002
2.339329e+003;6.510042e-002
2.341257e+003;6.527414e-002
2.343186e+003;6.516768e-002
2.345114e+003;6.488311e-002
2.347043e+003;6.473079e-002
2.348971e+003;6.469233e-002
2.350900e+003;6.479064e-002
2.352829e+003;6.498674e-002
2.354757e+003;6.520209e-002
2.356686e+003;6.528828e-002
2.358614e+003;6.519197e-002
2.360543e+003;6.506956e-002
2.362471e+003;6.504011e-002
2.364400e+003;6.527679e-002
2.366328e+003;6.554236e-002
2.368257e+003;6.576184e-002
2.370186e+003;6.603410e-002
2.372114e+003;6.615139e-002
2.374042e+003;6.596614e-002
2.375971e+003;6.595437e-002
2.377900e+003;6.613170e-002
2.379828e+003;6.620950e-002
2.381757e+003;6.632721e-002
2.383685e+003;6.638327e-002
2.385614e+003;6.610937e-002
2.387542e+003;6.611592e-002
2.389471e+003;6.620641e-002
2.391399e+003;6.621760e-002
2.393328e+003;6.647300e-002
2.395257e+003;6.665677e-002
2.397185e+003;6.687106e-002
2.399114e+003;6.705554e-002
2.401042e+003;6.719990e-002
2.402971e+003;6.715399e-002
2.404899e+003;6.722319e-002
2.406828e+003;6.780960e-002
2.408756e+003;6.818582e-002
2.410685e+003;6.792795e-002
2.412614e+003;6.774531e-002
2.414542e+003;6.788595e-002
2.416471e+003;6.821626e-002
2.418399e+003;6.861472e-002
2.420328e+003;6.918778e-002
2.422256e+003;6.934782e-002
2.424185e+003;6.947114e-002
2.426113e+003;6.978580e-002
2.428042e+003;6.989535e-002
2.429970e+003;6.996557e-002
2.431899e+003;7.017769e-002
2.433828e+003;7.027744e-002
2.435756e+003;7.040803e-002
2.437685e+003;7.064310e-002
2.439613e+003;7.090197e-002
2.441542e+003;7.091629e-002
2.443470e+003;7.092194e-002
2.445399e+003;7.095019e-002
2.447327e+003;7.101265e-002
2.449256e+003;7.106783e-002
2.451185e+003;7.096618e-002
2.453113e+003;7.101234e-002
2.455042e+003;7.110944e-002
2.456970e+003;7.094476e-002
2.458899e+003;7.095472e-002
2.460827e+003;7.121244e-002
2.462756e+003;7.128764e-002
2.464684e+003;7.129283e-002
2.466613e+003;7.142670e-002
2.468542e+003;7.161937e-002
2.470470e+003;7.161402e-002
2.472398e+003;7.158972e-002
2.474327e+003;7.185666e-002
2.476256e+003;7.201499e-002
2.478184e+003;7.193708e-002
2.480113e+003;7.184618e-002
2.482041e+003;7.197169e-002
2.483970e+003;7.211129e-002
2.485898e+003;7.215992e-002
2.487827e+003;7.233588e-002
2.489755e+003;7.247666e-002
2.491684e+003;7.237467e-002
2.493613e+003;7.231976e-002
2.495541e+003;7.247313e-002
2.497470e+003;7.257392e-002
2.499398e+003;7.252246e-002
2.501327e+003;7.252415e-002
2.503255e+003;7.276091e-002
2.505184e+003;7.315791e-002
2.507112e+003;7.322980e-002
2.509041e+003;7.311247e-002
2.510969e+003;7.294990e-002
2.512898e+003;7.298322e-002
2.514827e+003;7.325722e-002
2.516755e+003;7.343061e-002
2.518684e+003;7.328695e-002
2.520612e+003;7.309397e-002
2.522541e+003;7.338412e-002
2.524469e+003;7.347574e-002
2.526398e+003;7.352342e-002
2.528326e+003;7.376375e-002
2.530255e+003;7.399534e-002
2.532184e+003;7.407781e-002
2.534112e+003;7.402795e-002
2.536041e+003;7.408202e-002
2.537969e+003;7.403117e-002
2.539898e+003;7.397003e-002
2.541826e+003;7.409675e-002
2.543755e+003;7.432167e-002
2.545683e+003;7.462579e-002
2.547612e+003;7.511982e-002
2.549541e+003;7.538643e-002
2.551469e+003;7.513830e-002
2.553397e+003;7.484701e-002
2.555326e+003;7.495020e-002
2.557255e+003;7.531501e-002
2.559183e+003;7.550579e-002
2.561112e+003;7.555133e-002
2.563040e+003;7.576659e-002
2.564969e+003;7.626671e-002
2.566897e+003;7.650678e-002
2.568826e+003;7.663353e-002
2.570754e+003;7.673592e-002
2.572683e+003;7.686507e-002
2.574612e+003;7.700134e-002
2.576540e+003;7.715368e-002
2.578469e+003;7.753674e-002
2.580397e+003;7.788236e-002
2.582326e+003;7.802946e-002
2.584254e+003;7.808990e-002
2.586183e+003;7.826020e-002
2.588111e+003;7.850241e-002
2.590040e+003;7.873499e-002
2.591969e+003;7.899563e-002
2.593897e+003;7.906849e-002
2.595826e+003;7.918923e-002
2.597754e+003;7.939241e-002
2.599683e+003;7.951467e-002
2.601611e+003;7.961743e-002
2.603540e+003;7.970564e-002
2.605468e+003;7.955618e-002
2.607397e+003;7.951750e-002
2.609325e+003;7.972649e-002
2.611254e+003;8.010263e-002
2.613183e+003;8.035520e-002
2.615111e+003;8.035628e-002
2.617040e+003;8.041114e-002
2.618968e+003;8.033611e-002
2.620897e+003;8.018022e-002
2.622825e+003;8.050673e-002
2.624754e+003;8.086235e-002
2.626682e+003;8.079131e-002
2.628611e+003;8.069490e-002
2.630540e+003;8.054223e-002
2.632468e+003;8.050857e-002
2.634396e+003;8.072019e-002
2.636325e+003;8.063377e-002
2.638254e+003;8.047395e-002
2.640182e+003;8.040217e-002
2.642111e+003;8.035880e-002
2.644039e+003;8.058862e-002
2.645968e+003;8.077981e-002
2.647896e+003;8.072742e-002
2.649825e+003;8.062413e-002
2.651753e+003;8.043248e-002
2.653682e+003;8.061104e-002
2.655611e+003;8.100471e-002
2.657539e+003;8.123424e-002
2.659468e+003;8.133488e-002
2.661396e+003;8.142272e-002
2.663325e+003;8.135734e-002
2.665253e+003;8.120388e-002
2.667182e+003;8.138991e-002
2.669110e+003;8.156519e-002
2.671039e+003;8.165631e-002
2.672968e+003;8.180309e-002
2.674896e+003;8.194852e-002
2.676825e+003;8.232879e-002
2.678753e+003;8.254812e-002
2.680682e+003;8.247227e-002
2.682610e+003;8.259720e-002
2.684539e+003;8.270807e-002
2.686467e+003;8.285540e-002
2.688396e+003;8.307263e-002
2.690324e+003;8.345473e-002
2.692253e+003;8.374715e-002
2.694182e+003;8.378271e-002
2.696110e+003;8.357228e-002
2.698039e+003;8.356063e-002
2.699967e+003;8.388841e-002
2.701896e+003;8.406180e-002
2.703824e+003;8.409349e-002
2.705753e+003;8.458976e-002
2.707681e+003;8.501055e-002
2.709610e+003;8.488742e-002
2.711539e+003;8.494072e-002
2.713467e+003;8.529680e-002
2.715396e+003;8.534496e-002
2.717324e+003;8.551732e-002
2.719253e+003;8.580850e-002
2.721181e+003;8.603618e-002
2.723110e+003;8.622482e-002
2.725038e+003;8.629158e-002
2.726967e+003;8.631907e-002
2.728896e+003;8.662831e-002
2.730824e+003;8.693331e-002
2.732752e+003;8.681089e-002
2.734681e+003;8.655138e-002
2.736610e+003;8.671326e-002
2.738538e+003;8.717620e-002
2.740467e+003;8.730055e-002
2.742395e+003;8.744067e-002
2.744324e+003;8.784334e-002
2.746252e+003;8.809611e-002
2.748181e+003;8.795786e-002
2.750109e+003;8.797827e-002
2.752038e+003;8.832106e-002
2.753967e+003;8.867817e-002
2.755895e+003;8.899341e-002
2.757824e+003;8.905283e-002
2.759752e+003;8.910868e-002
2.761681e+003;8.937640e-002
2.763609e+003;8.955400e-002
2.765538e+003;8.966319e-002
2.767466e+003;8.963797e-002
2.769395e+003;8.983360e-002
2.771323e+003;9.040131e-002
2.773252e+003;9.076174e-002
2.775181e+003;9.084149e-002
2.777109e+003;9.092780e-002
2.779038e+003;9.107991e-002
2.780966e+003;9.112839e-002
2.782895e+003;9.103672e-002
2.784823e+003;9.108846e-002
2.786752e+003;9.152075e-002
2.788680e+003;9.190471e-002
2.790609e+003;9.195212e-002
2.792538e+003;9.191277e-002
2.794466e+003;9.197173e-002
2.796395e+003;9.221828e-002
2.798323e+003;9.254048e-002
2.800252e+003;9.251133e-002
2.802180e+003;9.260170e-002
2.804109e+003;9.295029e-002
2.806037e+003;9.295530e-002
2.807966e+003;9.299996e-002
2.809895e+003;9.330183e-002
2.811823e+003;9.354302e-002
2.813751e+003;9.365724e-002
2.815680e+003;9.361745e-002
2.817609e+003;9.367085e-002
2.819537e+003;9.384654e-002
2.821466e+003;9.387036e-002
2.823394e+003;9.397417e-002
2.825323e+003;9.433623e-002
2.827251e+003;9.454548e-002
2.829180e+003;9.450816e-002
2.831108e+003;9.482609e-002
2.833037e+003;9.505380e-002
2.834966e+003;9.508898e-002
2.836894e+003;9.547305e-002
2.838823e+003;9.597990e-002
2.840751e+003;9.642223e-002
2.842680e+003;9.710062e-002
2.844608e+003;9.765571e-002
2.846537e+003;9.810735e-002
2.848465e+003;9.851813e-002
2.850394e+003;9.900012e-002
2.852323e+003;9.950698e-002
2.854251e+003;9.998486e-002
2.856180e+003;1.002385e-001
2.858108e+003;1.004116e-001
2.860037e+003;1.008887e-001
2.861965e+003;1.012202e-001
2.863894e+003;1.015363e-001
2.865822e+003;1.021786e-001
2.867751e+003;1.030865e-001
2.869679e+003;1.037204e-001
2.871608e+003;1.040967e-001
2.873536e+003;1.043714e-001
2.875465e+003;1.044488e-001
2.877394e+003;1.047442e-001
2.879322e+003;1.049103e-001
2.881251e+003;1.048395e-001
2.883179e+003;1.048987e-001
2.885108e+003;1.049482e-001
2.887036e+003;1.048642e-001
2.888965e+003;1.049179e-001
2.890893e+003;1.050413e-001
2.892822e+003;1.051920e-001
2.894750e+003;1.055353e-001
2.896679e+003;1.058536e-001
2.898608e+003;1.060823e-001
2.900536e+003;1.065199e-001
2.902465e+003;1.068276e-001
2.904393e+003;1.071442e-001
2.906322e+003;1.076217e-001
2.908250e+003;1.083923e-001
2.910179e+003;1.091280e-001
2.912107e+003;1.097189e-001
2.914036e+003;1.102448e-001
2.915965e+003;1.108634e-001
2.917893e+003;1.114270e-001
2.919822e+003;1.123200e-001
2.921750e+003;1.133192e-001
2.923679e+003;1.143138e-001
2.925607e+003;1.153322e-001
2.927536e+003;1.164687e-001
2.929464e+003;1.170888e-001
2.931393e+003;1.174906e-001
2.933322e+003;1.178458e-001
2.935250e+003;1.179290e-001
2.937178e+003;1.179111e-001
2.939107e+003;1.177009e-001
2.941036e+003;1.172986e-001
2.942964e+003;1.164966e-001
2.944893e+003;1.155658e-001
2.946821e+003;1.145417e-001
2.948750e+003;1.138097e-001
2.950678e+003;1.135237e-001
2.952607e+003;1.128881e-001
2.954535e+003;1.124830e-001
2.956464e+003;1.120375e-001
2.958393e+003;1.114896e-001
2.960321e+003;1.115286e-001
2.962250e+003;1.119041e-001
2.964178e+003;1.122221e-001
2.966107e+003;1.124320e-001
2.968035e+003;1.125670e-001
2.969964e+003;1.127593e-001
2.971892e+003;1.132313e-001
2.973821e+003;1.134045e-001
2.975750e+003;1.134235e-001
2.977678e+003;1.137192e-001
2.979607e+003;1.134613e-001
2.981535e+003;1.127266e-001
2.983464e+003;1.123456e-001
2.985392e+003;1.120595e-001
2.987321e+003;1.115664e-001
2.989249e+003;1.109652e-001
2.991178e+003;1.102378e-001
2.993106e+003;1.096766e-001
2.995035e+003;1.093374e-001
2.996964e+003;1.092528e-001
2.998892e+003;1.089720e-001
3.000821e+003;1.083876e-001
3.002749e+003;1.078252e-001
3.004678e+003;1.075635e-001
3.006606e+003;1.076617e-001
3.008535e+003;1.077761e-001
3.010463e+003;1.076714e-001
3.012392e+003;1.073732e-001
3.014321e+003;1.072057e-001
3.016249e+003;1.074381e-001
3.018177e+003;1.079123e-001
3.020106e+003;1.082594e-001
3.022035e+003;1.085295e-001
3.023963e+003;1.087777e-001
3.025892e+003;1.090615e-001
3.027820e+003;1.096769e-001
3.029749e+003;1.101915e-001
3.031677e+003;1.105673e-001
3.033606e+003;1.109975e-001
3.035534e+003;1.116116e-001
3.037463e+003;1.123137e-001
3.039392e+003;1.126744e-001
3.041320e+003;1.130216e-001
3.043249e+003;1.138346e-001
3.045177e+003;1.145006e-001
3.047106e+003;1.148863e-001
3.049034e+003;1.155872e-001
3.050963e+003;1.163913e-001
3.052891e+003;1.169808e-001
3.054820e+003;1.173869e-001
3.056749e+003;1.179964e-001
3.058677e+003;1.183893e-001
3.060606e+003;1.183743e-001
3.062534e+003;1.185635e-001
3.064463e+003;1.193874e-001
3.066391e+003;1.198065e-001
3.068320e+003;1.196876e-001
3.070248e+003;1.199092e-001
3.072177e+003;1.201519e-001
3.074105e+003;1.202170e-001
3.076034e+003;1.202042e-001
3.077963e+003;1.202184e-001
3.079891e+003;1.201254e-001
3.081820e+003;1.197447e-001
3.083748e+003;1.195790e-001
3.085677e+003;1.192937e-001
3.087605e+003;1.189385e-001
3.089534e+003;1.187579e-001
3.091462e+003;1.184232e-001
3.093391e+003;1.179228e-001
3.095320e+003;1.175192e-001
3.097248e+003;1.173588e-001
3.099177e+003;1.169998e-001
3.101105e+003;1.169477e-001
3.103034e+003;1.170204e-001
3.104962e+003;1.165795e-001
3.106891e+003;1.159275e-001
3.108819e+003;1.152041e-001
3.110748e+003;1.150777e-001
3.112677e+003;1.152415e-001
3.114605e+003;1.148932e-001
3.116533e+003;1.145549e-001
3.118462e+003;1.145485e-001
3.120391e+003;1.145551e-001
3.122319e+003;1.143760e-001
3.124248e+003;1.142959e-001
3.126176e+003;1.144522e-001
3.128105e+003;1.147486e-001
3.130033e+003;1.146686e-001
3.131962e+003;1.144254e-001
3.133890e+003;1.144273e-001
3.135819e+003;1.148778e-001
3.137748e+003;1.154717e-001
3.139676e+003;1.158987e-001
3.141605e+003;1.160443e-001
3.143533e+003;1.164782e-001
3.145462e+003;1.170834e-001
3.147390e+003;1.174549e-001
3.149319e+003;1.177811e-001
3.151247e+003;1.182200e-001
3.153176e+003;1.191266e-001
3.155104e+003;1.201786e-001
3.157033e+003;1.205382e-001
3.158962e+003;1.209350e-001
3.160890e+003;1.217453e-001
3.162819e+003;1.225587e-001
3.164747e+003;1.230636e-001
3.166676e+003;1.235987e-001
3.168604e+003;1.242639e-001
3.170533e+003;1.251000e-001
3.172461e+003;1.260426e-001
3.174390e+003;1.271349e-001
3.176319e+003;1.281011e-001
3.178247e+003;1.288608e-001
3.180176e+003;1.300032e-001
3.182104e+003;1.312151e-001
3.184033e+003;1.322143e-001
3.185961e+003;1.331344e-001
3.187890e+003;1.344016e-001
3.189818e+003;1.356302e-001
3.191747e+003;1.368413e-001
3.193676e+003;1.380180e-001
3.195604e+003;1.392993e-001
3.197532e+003;1.405614e-001
3.199461e+003;1.412422e-001
3.201390e+003;1.423512e-001
3.203318e+003;1.437102e-001
3.205247e+003;1.448158e-001
3.207175e+003;1.459735e-001
3.209104e+003;1.469723e-001
3.211032e+003;1.480628e-001
3.212961e+003;1.493673e-001
3.214889e+003;1.507298e-001
3.216818e+003;1.523395e-001
3.218747e+003;1.535969e-001
3.220675e+003;1.544971e-001
3.222604e+003;1.560267e-001
3.224532e+003;1.577514e-001
3.226461e+003;1.588668e-001
3.228389e+003;1.601083e-001
3.230318e+003;1.615444e-001
3.232246e+003;1.632138e-001
3.234175e+003;1.643579e-001
3.236104e+003;1.656318e-001
3.238032e+003;1.680315e-001
3.239961e+003;1.701040e-001
3.241889e+003;1.719806e-001
3.243818e+003;1.743651e-001
3.245746e+003;1.766005e-001
3.247675e+003;1.780837e-001
3.249603e+003;1.795079e-001
3.251532e+003;1.815621e-001
3.253460e+003;1.841764e-001
3.255389e+003;1.863850e-001
3.257318e+003;1.885584e-001
3.259246e+003;1.908779e-001
3.261175e+003;1.934601e-001
3.263103e+003;1.961064e-001
3.265032e+003;1.984860e-001
3.266960e+003;2.005830e-001
3.268889e+003;2.026788e-001
3.270817e+003;2.044662e-001
3.272746e+003;2.061681e-001
3.274675e+003;2.079787e-001
3.276603e+003;2.095234e-001
3.278531e+003;2.105243e-001
3.280460e+003;2.112196e-001
3.282389e+003;2.112011e-001
3.284317e+003;2.106605e-001
3.286246e+003;2.100350e-001
3.288174e+003;2.091881e-001
3.290103e+003;2.080284e-001
3.292031e+003;2.063630e-001
3.293960e+003;2.047737e-001
3.295888e+003;2.031233e-001
3.297817e+003;2.011873e-001
3.299746e+003;1.990362e-001
3.301674e+003;1.963026e-001
3.303603e+003;1.939280e-001
3.305531e+003;1.914475e-001
3.307460e+003;1.886232e-001
3.309388e+003;1.859954e-001
3.311317e+003;1.832133e-001
3.313245e+003;1.806404e-001
3.315174e+003;1.785706e-001
3.317103e+003;1.764291e-001
3.319031e+003;1.736944e-001
3.320960e+003;1.709997e-001
3.322888e+003;1.681520e-001
3.324817e+003;1.653746e-001
3.326745e+003;1.630368e-001
3.328674e+003;1.609530e-001
3.330602e+003;1.586024e-001
3.332531e+003;1.563969e-001
3.334459e+003;1.545736e-001
3.336388e+003;1.528666e-001
3.338317e+003;1.507618e-001
3.340245e+003;1.485603e-001
3.342174e+003;1.467665e-001
3.344102e+003;1.451760e-001
3.346031e+003;1.435241e-001
3.347959e+003;1.420226e-001
3.349888e+003;1.406451e-001
3.351816e+003;1.393760e-001
3.353745e+003;1.379115e-001
3.355674e+003;1.366278e-001
3.357602e+003;1.355208e-001
3.359531e+003;1.342446e-001
3.361459e+003;1.330004e-001
3.363388e+003;1.320880e-001
3.365316e+003;1.310626e-001
3.367245e+003;1.296778e-001
3.369173e+003;1.284839e-001
3.371102e+003;1.275862e-001
3.373031e+003;1.266992e-001
3.374959e+003;1.259439e-001
3.376887e+003;1.249819e-001
3.378816e+003;1.239522e-001
3.380745e+003;1.229206e-001
3.382673e+003;1.222301e-001
3.384602e+003;1.215150e-001
3.386530e+003;1.202987e-001
3.388459e+003;1.194997e-001
3.390387e+003;1.188774e-001
3.392316e+003;1.183738e-001
3.394244e+003;1.179171e-001
3.396173e+003;1.173908e-001
3.398102e+003;1.164472e-001
3.400030e+003;1.153335e-001
3.401959e+003;1.144563e-001
3.403887e+003;1.135008e-001
3.405816e+003;1.128681e-001
3.407744e+003;1.118669e-001
3.409673e+003;1.108774e-001
3.411601e+003;1.102970e-001
3.413530e+003;1.096734e-001
3.415458e+003;1.093058e-001
3.417387e+003;1.080076e-001
3.419316e+003;1.067008e-001
3.421244e+003;1.063069e-001
3.423173e+003;1.057675e-001
3.425101e+003;1.047288e-001
3.427030e+003;1.037712e-001
3.428958e+003;1.029204e-001
3.430887e+003;1.022523e-001
3.432815e+003;1.018997e-001
3.434744e+003;1.014766e-001
3.436673e+003;1.006646e-001
3.438601e+003;9.970911e-002
3.440530e+003;9.898526e-002
3.442458e+003;9.850361e-002
3.444387e+003;9.792153e-002
3.446315e+003;9.770488e-002
3.448244e+003;9.750555e-002
3.450172e+003;9.709560e-002
3.452101e+003;9.669892e-002
3.454030e+003;9.612884e-002
3.455958e+003;9.561995e-002
3.457886e+003;9.520964e-002
3.459815e+003;9.516207e-002
3.461744e+003;9.499709e-002
3.463672e+003;9.414601e-002
3.465601e+003;9.358091e-002
3.467529e+003;9.350985e-002
3.469458e+003;9.336349e-002
3.471386e+003;9.291951e-002
3.473315e+003;9.264013e-002
3.475243e+003;9.252002e-002
3.477172e+003;9.216850e-002
3.479101e+003;9.181980e-002
3.481029e+003;9.175239e-002
3.482958e+003;9.147841e-002
3.484886e+003;9.115822e-002
3.486815e+003;9.085542e-002
3.488743e+003;9.057458e-002
3.490672e+003;9.015518e-002
3.492600e+003;9.000091e-002
3.494529e+003;8.977338e-002
3.496458e+003;8.947065e-002
3.498386e+003;8.929320e-002
3.500315e+003;8.884849e-002
3.502243e+003;8.837791e-002
3.504172e+003;8.797450e-002
3.506100e+003;8.736230e-002
3.508029e+003;8.714045e-002
3.509957e+003;8.703589e-002
3.511886e+003;8.694105e-002
3.513814e+003;8.685876e-002
3.515743e+003;8.634660e-002
3.517672e+003;8.589071e-002
3.519600e+003;8.551037e-002
3.521529e+003;8.519995e-002
3.523457e+003;8.522757e-002
3.525386e+003;8.489665e-002
3.527314e+003;8.448961e-002
3.529243e+003;8.415518e-002
3.531171e+003;8.360903e-002
3.533100e+003;8.301218e-002
3.535029e+003;8.234661e-002
3.536957e+003;8.249787e-002
3.538885e+003;8.278111e-002
3.540814e+003;8.216430e-002
3.542743e+003;8.146460e-002
3.544671e+003;8.139458e-002
3.546600e+003;8.109268e-002
3.548528e+003;8.027668e-002
3.550457e+003;7.970850e-002
3.552385e+003;7.943271e-002
3.554314e+003;7.925289e-002
3.556242e+003;7.910684e-002
3.558171e+003;7.860556e-002
3.560100e+003;7.817954e-002
3.562028e+003;7.808799e-002
3.563957e+003;7.786278e-002
3.565885e+003;7.744842e-002
3.567814e+003;7.735088e-002
3.569742e+003;7.734507e-002
3.571671e+003;7.655452e-002
3.573599e+003;7.591332e-002
3.575528e+003;7.594822e-002
3.577457e+003;7.579733e-002
3.579385e+003;7.548749e-002
3.581314e+003;7.489260e-002
3.583242e+003;7.436296e-002
3.585171e+003;7.422217e-002
3.587099e+003;7.393920e-002
3.589028e+003;7.353935e-002
3.590956e+003;7.340099e-002
3.592885e+003;7.297608e-002
3.594813e+003;7.229812e-002
3.596742e+003;7.205543e-002
3.598671e+003;7.211997e-002
3.600599e+003;7.223214e-002
3.602528e+003;7.217591e-002
3.604456e+003;7.177210e-002
3.606385e+003;7.125586e-002
3.608313e+003;7.059125e-002
3.610242e+003;7.003626e-002
3.612170e+003;6.991224e-002
3.614099e+003;6.968185e-002
3.616028e+003;6.914426e-002
3.617956e+003;6.867328e-002
3.619885e+003;6.864045e-002
3.621813e+003;6.858402e-002
3.623742e+003;6.801234e-002
3.625670e+003;6.743312e-002
3.627599e+003;6.683172e-002
3.629527e+003;6.629348e-002
3.631456e+003;6.634567e-002
3.633385e+003;6.579824e-002
3.635313e+003;6.537404e-002
3.637241e+003;6.535736e-002
3.639170e+003;6.503188e-002
3.641099e+003;6.452189e-002
3.643027e+003;6.411775e-002
3.644956e+003;6.378575e-002
3.646884e+003;6.307840e-002
3.648813e+003;6.236207e-002
3.650741e+003;6.191145e-002
3.652670e+003;6.171528e-002
3.654598e+003;6.131901e-002
3.656527e+003;6.038840e-002
3.658456e+003;5.985124e-002
3.660384e+003;5.968782e-002
3.662313e+003;5.920802e-002
3.664241e+003;5.839413e-002
3.666170e+003;5.785527e-002
3.668098e+003;5.733522e-002
3.670027e+003;5.668076e-002
3.671955e+003;5.619345e-002
3.673884e+003;5.537631e-002
3.675813e+003;5.460477e-002
3.677741e+003;5.420566e-002
3.679669e+003;5.362011e-002
3.681598e+003;5.301229e-002
3.683527e+003;5.259684e-002
3.685455e+003;5.211390e-002
3.687384e+003;5.111225e-002
3.689312e+003;5.081167e-002
3.691241e+003;5.105221e-002
3.693169e+003;5.107676e-002
3.695098e+003;5.062630e-002
3.697026e+003;5.013235e-002
3.698955e+003;4.981171e-002
3.700884e+003;4.954502e-002
3.702812e+003;4.946618e-002
3.704741e+003;4.920708e-002
3.706669e+003;4.871692e-002
3.708598e+003;4.838859e-002
3.710526e+003;4.835059e-002
3.712455e+003;4.862990e-002
3.714383e+003;4.866944e-002
3.716312e+003;4.817556e-002
3.718240e+003;4.789525e-002
3.720169e+003;4.802613e-002
3.722098e+003;4.783391e-002
3.724026e+003;4.763076e-002
3.725955e+003;4.746544e-002
3.727883e+003;4.728238e-002
3.729812e+003;4.723942e-002
3.731740e+003;4.700080e-002
3.733669e+003;4.687890e-002
3.735597e+003;4.664337e-002
3.737526e+003;4.654027e-002
3.739455e+003;4.663536e-002
3.741383e+003;4.669236e-002
3.743312e+003;4.598526e-002
3.745240e+003;4.520995e-002
3.747169e+003;4.546972e-002
3.749097e+003;4.590073e-002
3.751026e+003;4.613660e-002
3.752954e+003;4.628667e-002
3.754883e+003;4.637241e-002
3.756812e+003;4.568346e-002
3.758740e+003;4.536029e-002
3.760668e+003;4.562851e-002
3.762597e+003;4.572130e-002
3.764526e+003;4.581412e-002
3.766454e+003;4.607960e-002
3.768383e+003;4.632062e-002
3.770311e+003;4.625206e-002
3.772240e+003;4.604246e-002
3.774168e+003;4.613520e-002
3.776097e+003;4.597369e-002
3.778025e+003;4.542911e-002
3.779954e+003;4.509057e-002
3.781883e+003;4.503838e-002
3.783811e+003;4.507679e-002
3.785740e+003;4.533027e-002
3.787668e+003;4.539972e-002
3.789597e+003;4.554979e-002
3.791525e+003;4.571541e-002
3.793454e+003;4.585470e-002
3.795382e+003;4.536385e-002
3.797311e+003;4.507377e-002
3.799240e+003;4.540976e-002
3.801168e+003;4.551384e-002
3.803097e+003;4.557098e-002
3.805025e+003;4.556204e-002
3.806954e+003;4.540972e-002
3.808882e+003;4.549125e-002
3.810811e+003;4.540564e-002
3.812739e+003;4.529776e-002
3.814668e+003;4.533914e-002
3.816596e+003;4.542153e-002
3.818525e+003;4.577520e-002
3.820454e+003;4.573312e-002
3.822382e+003;4.551708e-002
3.824311e+003;4.570610e-002
3.826239e+003;4.636984e-002
3.828168e+003;4.656498e-002
3.830096e+003;4.597833e-002
3.832025e+003;4.570429e-002
3.833953e+003;4.592463e-002
3.835882e+003;4.597056e-002
3.837811e+003;4.553485e-002
3.839739e+003;4.571041e-002
3.841667e+003;4.616066e-002
3.843596e+003;4.631690e-002
3.845525e+003;4.644966e-002
3.847453e+003;4.709699e-002
3.849382e+003;4.732040e-002
3.851310e+003;4.676254e-002
3.853239e+003;4.628877e-002
3.855167e+003;4.617673e-002
3.857096e+003;4.631796e-002
3.859024e+003;4.651711e-002
3.860953e+003;4.675247e-002
3.862882e+003;4.692722e-002
3.864810e+003;4.702199e-002
3.866739e+003;4.737771e-002
3.868667e+003;4.741060e-002
3.870596e+003;4.732191e-002
3.872524e+003;4.746862e-002
3.874453e+003;4.765036e-002
3.876381e+003;4.814135e-002
3.878310e+003;4.808216e-002
3.880239e+003;4.774817e-002
3.882167e+003;4.830641e-002
3.884096e+003;4.856734e-002
3.886024e+003;4.861055e-002
3.887953e+003;4.857590e-002
3.889881e+003;4.805200e-002
3.891810e+003;4.814250e-002
3.893738e+003;4.838637e-002
3.895667e+003;4.892381e-002
3.897595e+003;4.938829e-002
3.899524e+003;4.945875e-002
3.901453e+003;4.949997e-002
3.903381e+003;4.952526e-002
3.905310e+003;4.948029e-002
3.907238e+003;4.970388e-002
3.909167e+003;4.978622e-002
3.911095e+003;4.951508e-002
3.913024e+003;4.946640e-002
3.914952e+003;4.970333e-002
3.916881e+003;5.031554e-002
3.918810e+003;5.084609e-002
3.920738e+003;5.053070e-002
3.922667e+003;5.053778e-002
3.924595e+003;5.090931e-002
3.926524e+003;5.075584e-002
3.928452e+003;5.054265e-002
3.930381e+003;5.054336e-002
3.932309e+003;5.069317e-002
3.934238e+003;5.105996e-002
3.936167e+003;5.109447e-002
3.938095e+003;5.065586e-002
3.940023e+003;5.077503e-002
3.941952e+003;5.100376e-002
3.943881e+003;5.093870e-002
3.945809e+003;5.129208e-002
3.947738e+003;5.177836e-002
3.949666e+003;5.209261e-002
3.951595e+003;5.197271e-002
3.953523e+003;5.187909e-002
3.955452e+003;5.181760e-002
3.957380e+003;5.212265e-002
3.959309e+003;5.270000e-002
3.961238e+003;5.256849e-002
3.963166e+003;5.229957e-002
3.965095e+003;5.218078e-002
3.967023e+003;5.227353e-002
3.968952e+003;5.242308e-002
3.970880e+003;5.237863e-002
3.972809e+003;5.234099e-002
3.974737e+003;5.247067e-002
3.976666e+003;5.273992e-002
3.978594e+003;5.287814e-002
3.980523e+003;5.297175e-002
3.982452e+003;5.278010e-002
3.984380e+003;5.250761e-002
3.986309e+003;5.260458e-002
3.988237e+003;5.263798e-002
3.990166e+003;5.256299e-002
3.992094e+003;5.272282e-002
3.994023e+003;5.282130e-002
3.995951e+003;5.262152e-002
3.997880e+003;5.244674e-002
3.999809e+003;5.255608e-002
4.001737e+003;0.000000e+000
