3.992094e+002;0.000000e+000
4.011380e+002;0.000000e+000
4.030665e+002;0.000000e+000
4.049951e+002;0.000000e+000
4.069236e+002;0.000000e+000
4.088522e+002;0.000000e+000
4.107807e+002;0.000000e+000
4.127093e+002;0.000000e+000
4.146378e+002;0.000000e+000
4.165664e+002;0.000000e+000
4.184949e+002;0.000000e+000
4.204235e+002;0.000000e+000
4.223520e+002;0.000000e+000
4.242806e+002;0.000000e+000
4.262091e+002;0.000000e+000
4.281377e+002;0.000000e+000
4.300662e+002;0.000000e+000
4.319948e+002;0.000000e+000
4.339233e+002;0.000000e+000
4.358519e+002;0.000000e+000
4.377804e+002;0.000000e+000
4.397090e+002;0.000000e+000
4.416375e+002;0.000000e+000
4.435660e+002;0.000000e+000
4.454946e+002;0.000000e+000
4.474232e+002;0.000000e+000
4.493517e+002;0.000000e+000
4.512802e+002;0.000000e+000
4.532088e+002;0.000000e+000
4.551373e+002;0.000000e+000
4.570659e+002;0.000000e+000
4.589944e+002;0.000000e+000
4.609230e+002;0.000000e+000
4.628515e+002;0.000000e+000
4.647801e+002;0.000000e+000
4.667086e+002;0.000000e+000
4.686372e+002;0.000000e+000
4.705657e+002;0.000000e+000
4.724943e+002;0.000000e+000
4.744228e+002;0.000000e+000
4.763513e+002;0.000000e+000
4.782799e+002;0.000000e+000
4.802085e+002;0.000000e+000
4.821370e+002;0.000000e+000
4.840656e+002;0.000000e+000
4.859941e+002;0.000000e+000
4.879226e+002;0.000000e+000
4.898512e+002;0.000000e+000
4.917798e+002;0.000000e+000
4.937083e+002;0.000000e+000
4.956368e+002;0.000000e+000
4.975654e+002;0.000000e+000
4.994939e+002;0.000000e+000
5.014225e+002;0.000000e+000
5.033510e+002;0.000000e+000
5.052796e+002;0.000000e+000
5.072081e+002;0.000000e+000
5.091367e+002;0.000000e+000
5.110652e+002;0.000000e+000
5.129938e+002;0.000000e+000
5.149223e+002;0.000000e+000
5.168509e+002;0.000000e+000
5.187794e+002;0.000000e+000
5.207079e+002;0.000000e+000
5.226365e+002;0.000000e+000
5.245651e+002;0.000000e+000
5.264936e+002;0.000000e+000
5.284222e+002;0.000000e+000
5.303507e+002;0.000000e+000
5.322792e+002;0.000000e+000
5.342078e+002;0.000000e+000
5.361364e+002;0.000000e+000
5.380649e+002;0.000000e+000
5.399935e+002;0.000000e+000
5.419220e+002;0.000000e+000
5.438505e+002;0.000000e+000
5.457791e+002;0.000000e+000
5.477076e+002;0.000000e+000
5.496362e+002;0.000000e+000
5.515648e+002;0.000000e+000
5.534933e+002;0.000000e+000
5.554218e+002;0.000000e+000
5.573504e+002;0.000000e+000
5.592789e+002;0.000000e+000
5.612075e+002;0.000000e+000
5.631360e+002;0.000000e+000
5.650646e+002;0.000000e+000
5.669931e+002;0.000000e+000
5.689217e+002;0.000000e+000
5.708502e+002;0.000000e+000
5.727787e+002;0.000000e+000
5.747073e+002;0.000000e+000
5.766359e+002;0.000000e+000
5.785644e+002;0.000000e+000
5.804930e+002;0.000000e+000
5.824215e+002;0.000000e+000
5.843500e+002;0.000000e+000
5.862786e+002;0.000000e+000
5.882072e+002;0.000000e+000
5.901357e+002;0.000000e+000
5.920643e+002;0.000000e+000
5.939928e+002;0.000000e+000
5.959213e+002;0.000000e+000
5.978499e+002;0.000000e+000
5.997784e+002;9.071114e-002
6.017070e+002;9.285550e-002
6.036355e+002;9.234970e-002
6.055641e+002;8.814523e-002
6.074926e+002;8.871276e-002
6.094211e+002;9.265728e-002
6.113497e+002;9.315005e-002
6.132783e+002;9.079073e-002
6.152068e+002;8.778238e-002
6.171354e+002;8.526099e-002
6.190639e+002;9.013891e-002
6.209924e+002;8.975358e-002
6.229210e+002;8.597939e-002
6.248495e+002;8.666370e-002
6.267781e+002;9.340930e-002
6.287067e+002;9.878484e-002
6.306352e+002;1.003315e-001
6.325637e+002;1.000826e-001
6.344923e+002;9.921433e-002
6.364208e+002;9.689602e-002
6.383494e+002;9.731029e-002
6.402780e+002;1.023951e-001
6.422065e+002;1.067489e-001
6.441350e+002;1.081727e-001
6.460636e+002;1.063002e-001
6.479921e+002;1.069959e-001
6.499207e+002;1.092676e-001
6.518492e+002;1.071415e-001
6.537778e+002;1.046794e-001
6.557063e+002;1.062307e-001
6.576349e+002;1.115477e-001
6.595634e+002;1.154040e-001
6.614919e+002;1.155485e-001
6.634205e+002;1.164178e-001
6.653491e+002;1.180491e-001
6.672776e+002;1.193709e-001
6.692062e+002;1.223910e-001
6.711347e+002;1.239849e-001
6.730632e+002;1.243022e-001
6.749918e+002;1.241426e-001
6.769203e+002;1.235023e-001
6.788489e+002;1.244378e-001
6.807775e+002;1.250849e-001
6.827060e+002;1.250015e-001
6.846345e+002;1.253909e-001
6.865631e+002;1.247199e-001
6.884916e+002;1.235629e-001
6.904202e+002;1.224651e-001
6.923488e+002;1.216437e-001
6.942773e+002;1.196086e-001
6.962058e+002;1.153324e-001
6.981344e+002;1.114215e-001
7.000629e+002;1.088633e-001
7.019915e+002;1.062281e-001
7.039200e+002;1.044614e-001
7.058486e+002;1.048707e-001
7.077771e+002;1.044511e-001
7.097057e+002;1.037078e-001
7.116342e+002;1.022463e-001
7.135627e+002;1.000712e-001
7.154913e+002;9.938841e-002
7.174199e+002;9.916995e-002
7.193484e+002;9.809281e-002
7.212770e+002;9.834759e-002
7.232055e+002;9.973457e-002
7.251340e+002;1.013465e-001
7.270626e+002;1.018750e-001
7.289911e+002;1.012671e-001
7.309197e+002;9.822157e-002
7.328483e+002;9.285722e-002
7.347768e+002;8.765558e-002
7.367053e+002;8.439886e-002
7.386339e+002;8.216117e-002
7.405624e+002;7.964529e-002
7.424910e+002;7.719654e-002
7.444196e+002;7.610492e-002
7.463481e+002;7.514843e-002
7.482766e+002;7.258511e-002
7.502052e+002;7.021913e-002
7.521337e+002;6.897040e-002
7.540623e+002;6.789719e-002
7.559908e+002;6.654162e-002
7.579194e+002;6.524765e-002
7.598479e+002;6.415477e-002
7.617765e+002;6.306469e-002
7.637050e+002;6.164237e-002
7.656335e+002;6.055247e-002
7.675621e+002;6.033662e-002
7.694907e+002;6.018942e-002
7.714192e+002;5.944094e-002
7.733478e+002;5.880193e-002
7.752763e+002;5.768824e-002
7.772048e+002;5.613625e-002
7.791334e+002;5.512250e-002
7.810620e+002;5.490181e-002
7.829905e+002;5.428791e-002
7.849191e+002;5.316689e-002
7.868476e+002;5.309866e-002
7.887761e+002;5.321389e-002
7.907047e+002;5.261764e-002
7.926332e+002;5.163572e-002
7.945618e+002;5.023529e-002
7.964903e+002;4.876967e-002
7.984189e+002;4.794661e-002
8.003474e+002;4.711272e-002
8.022759e+002;4.544088e-002
8.042045e+002;4.427334e-002
8.061331e+002;4.428468e-002
8.080616e+002;4.415811e-002
8.099902e+002;4.362793e-002
8.119187e+002;4.299968e-002
8.138472e+002;4.287167e-002
8.157758e+002;4.335823e-002
8.177043e+002;4.468248e-002
8.196329e+002;4.593859e-002
8.215615e+002;4.686783e-002
8.234900e+002;4.778575e-002
8.254185e+002;4.871362e-002
8.273471e+002;4.978931e-002
8.292756e+002;5.064030e-002
8.312042e+002;5.131927e-002
8.331328e+002;5.095726e-002
8.350613e+002;4.888094e-002
8.369898e+002;4.618896e-002
8.389184e+002;4.389021e-002
8.408469e+002;4.212365e-002
8.427755e+002;4.101450e-002
8.447040e+002;4.011774e-002
8.466326e+002;3.908022e-002
8.485611e+002;3.827874e-002
8.504897e+002;3.784999e-002
8.524182e+002;3.782270e-002
8.543467e+002;3.693942e-002
8.562753e+002;3.615207e-002
8.582039e+002;3.607346e-002
8.601324e+002;3.618098e-002
8.620610e+002;3.615203e-002
8.639895e+002;3.631335e-002
8.659180e+002;3.685917e-002
8.678466e+002;3.772301e-002
8.697751e+002;3.800832e-002
8.717037e+002;3.803364e-002
8.736323e+002;3.809386e-002
8.755608e+002;3.837674e-002
8.774893e+002;3.924238e-002
8.794179e+002;3.991087e-002
8.813464e+002;4.059487e-002
8.832750e+002;4.149042e-002
8.852036e+002;4.150413e-002
8.871321e+002;4.093636e-002
8.890606e+002;4.062092e-002
8.909892e+002;4.069624e-002
8.929177e+002;4.081324e-002
8.948463e+002;4.116063e-002
8.967748e+002;4.111520e-002
8.987034e+002;4.075235e-002
9.006319e+002;4.120114e-002
9.025605e+002;4.191067e-002
9.044890e+002;4.209083e-002
9.064175e+002;4.231189e-002
9.083461e+002;4.233161e-002
9.102747e+002;4.259472e-002
9.122032e+002;4.287832e-002
9.141318e+002;4.313532e-002
9.160603e+002;4.353375e-002
9.179888e+002;4.395319e-002
9.199174e+002;4.446799e-002
9.218459e+002;4.523348e-002
9.237745e+002;4.619239e-002
9.257031e+002;4.737900e-002
9.276316e+002;4.836604e-002
9.295601e+002;4.849676e-002
9.314887e+002;4.773515e-002
9.334172e+002;4.648823e-002
9.353458e+002;4.518682e-002
9.372744e+002;4.432479e-002
9.392029e+002;4.435891e-002
9.411314e+002;4.529331e-002
9.430600e+002;4.629953e-002
9.449885e+002;4.704175e-002
9.469171e+002;4.817459e-002
9.488456e+002;4.982699e-002
9.507742e+002;5.109868e-002
9.527027e+002;5.154497e-002
9.546313e+002;5.215059e-002
9.565598e+002;5.305141e-002
9.584883e+002;5.360639e-002
9.604169e+002;5.340697e-002
9.623455e+002;5.239078e-002
9.642740e+002;5.137513e-002
9.662026e+002;5.087209e-002
9.681311e+002;5.078392e-002
9.700596e+002;5.075063e-002
9.719882e+002;5.058271e-002
9.739167e+002;4.995317e-002
9.758453e+002;4.899420e-002
9.777739e+002;4.872545e-002
9.797024e+002;4.916326e-002
9.816309e+002;4.938892e-002
9.835595e+002;4.952886e-002
9.854880e+002;4.977221e-002
9.874166e+002;5.014707e-002
9.893452e+002;5.051890e-002
9.912737e+002;4.966473e-002
9.932022e+002;4.788456e-002
9.951307e+002;4.573393e-002
9.970593e+002;4.382155e-002
9.989879e+002;4.270712e-002
1.000916e+003;4.218988e-002
1.002845e+003;4.204520e-002
1.004773e+003;4.200318e-002
1.006702e+003;4.199892e-002
1.008631e+003;4.197745e-002
1.010559e+003;4.200201e-002
1.012488e+003;4.242941e-002
1.014416e+003;4.314018e-002
1.016345e+003;4.341678e-002
1.018273e+003;4.341850e-002
1.020202e+003;4.366197e-002
1.022130e+003;4.453509e-002
1.024059e+003;4.602036e-002
1.025988e+003;4.768035e-002
1.027916e+003;4.914311e-002
1.029845e+003;5.131714e-002
1.031773e+003;5.383662e-002
1.033702e+003;5.580079e-002
1.035630e+003;5.714560e-002
1.037559e+003;5.867876e-002
1.039487e+003;6.168816e-002
1.041416e+003;6.556589e-002
1.043344e+003;6.855419e-002
1.045273e+003;6.902124e-002
1.047202e+003;6.595669e-002
1.049130e+003;6.083226e-002
1.051059e+003;5.604146e-002
1.052987e+003;5.282998e-002
1.054916e+003;5.085738e-002
1.056844e+003;4.961547e-002
1.058773e+003;4.940737e-002
1.060701e+003;4.979540e-002
1.062630e+003;5.030724e-002
1.064558e+003;5.102750e-002
1.066487e+003;5.175530e-002
1.068416e+003;5.246798e-002
1.070344e+003;5.277853e-002
1.072273e+003;5.264894e-002
1.074201e+003;5.265710e-002
1.076130e+003;5.248428e-002
1.078058e+003;5.201726e-002
1.079987e+003;5.162706e-002
1.081915e+003;5.122385e-002
1.083844e+003;5.069622e-002
1.085773e+003;5.057429e-002
1.087701e+003;5.097958e-002
1.089630e+003;5.130883e-002
1.091558e+003;5.156960e-002
1.093487e+003;5.167430e-002
1.095415e+003;5.156135e-002
1.097344e+003;5.243844e-002
1.099272e+003;5.361250e-002
1.101201e+003;5.487861e-002
1.103129e+003;5.605481e-002
1.105058e+003;5.684332e-002
1.106987e+003;5.783059e-002
1.108915e+003;5.892198e-002
1.110844e+003;5.879639e-002
1.112772e+003;5.895352e-002
1.114701e+003;5.959853e-002
1.116629e+003;5.955109e-002
1.118558e+003;5.891413e-002
1.120486e+003;5.812360e-002
1.122415e+003;5.716798e-002
1.124344e+003;5.552463e-002
1.126272e+003;5.341573e-002
1.128201e+003;5.064447e-002
1.130129e+003;4.824068e-002
1.132058e+003;4.676896e-002
1.133986e+003;4.645700e-002
1.135915e+003;4.741706e-002
1.137843e+003;4.933598e-002
1.139772e+003;5.174093e-002
1.141700e+003;5.378254e-002
1.143629e+003;5.472408e-002
1.145557e+003;5.541429e-002
1.147486e+003;5.714481e-002
1.149415e+003;5.940602e-002
1.151343e+003;6.140240e-002
1.153272e+003;6.339330e-002
1.155200e+003;6.473448e-002
1.157129e+003;6.626037e-002
1.159057e+003;6.894764e-002
1.160986e+003;7.192411e-002
1.162914e+003;7.563773e-002
1.164843e+003;7.975843e-002
1.166771e+003;8.307423e-002
1.168700e+003;8.491727e-002
1.170629e+003;8.504319e-002
1.172557e+003;8.365253e-002
1.174486e+003;8.128738e-002
1.176414e+003;7.893578e-002
1.178343e+003;7.717995e-002
1.180271e+003;7.659800e-002
1.182200e+003;7.681397e-002
1.184128e+003;7.748668e-002
1.186057e+003;7.898828e-002
1.187986e+003;8.121350e-002
1.189914e+003;8.375571e-002
1.191843e+003;8.629493e-002
1.193771e+003;8.856639e-002
1.195700e+003;9.093266e-002
1.197628e+003;9.363829e-002
1.199557e+003;9.568669e-002
1.201485e+003;9.470912e-002
1.203414e+003;9.144029e-002
1.205343e+003;8.828788e-002
1.207271e+003;8.610744e-002
1.209200e+003;8.490103e-002
1.211128e+003;8.449014e-002
1.213057e+003;8.424339e-002
1.214985e+003;8.316404e-002
1.216914e+003;8.131486e-002
1.218842e+003;7.926311e-002
1.220771e+003;7.758000e-002
1.222699e+003;7.747927e-002
1.224628e+003;7.876990e-002
1.226557e+003;8.032463e-002
1.228485e+003;8.210164e-002
1.230414e+003;8.412719e-002
1.232342e+003;8.591054e-002
1.234271e+003;8.729172e-002
1.236199e+003;8.825707e-002
1.238128e+003;8.868496e-002
1.240056e+003;8.849879e-002
1.241985e+003;8.792476e-002
1.243913e+003;8.744273e-002
1.245842e+003;8.756051e-002
1.247771e+003;8.776567e-002
1.249699e+003;8.848376e-002
1.251628e+003;9.004249e-002
1.253556e+003;9.215219e-002
1.255485e+003;9.466895e-002
1.257413e+003;9.708077e-002
1.259342e+003;9.875440e-002
1.261270e+003;9.984923e-002
1.263199e+003;9.950319e-002
1.265127e+003;9.751658e-002
1.267056e+003;9.408555e-002
1.268985e+003;9.022956e-002
1.270913e+003;8.715753e-002
1.272842e+003;8.547749e-002
1.274770e+003;8.529188e-002
1.276699e+003;8.587217e-002
1.278627e+003;8.633265e-002
1.280556e+003;8.615540e-002
1.282484e+003;8.559543e-002
1.284413e+003;8.484843e-002
1.286342e+003;8.413913e-002
1.288270e+003;8.397733e-002
1.290199e+003;8.406012e-002
1.292127e+003;8.439628e-002
1.294056e+003;8.442171e-002
1.295984e+003;8.391172e-002
1.297913e+003;8.329736e-002
1.299841e+003;8.255813e-002
1.301770e+003;8.142560e-002
1.303698e+003;8.041015e-002
1.305627e+003;7.931206e-002
1.307556e+003;7.822584e-002
1.309484e+003;7.786171e-002
1.311413e+003;7.812837e-002
1.313341e+003;7.864785e-002
1.315270e+003;7.950573e-002
1.317198e+003;8.062915e-002
1.319127e+003;8.192423e-002
1.321055e+003;8.313598e-002
1.322984e+003;8.426761e-002
1.324912e+003;8.520620e-002
1.326841e+003;8.587948e-002
1.328770e+003;8.633718e-002
1.330698e+003;8.614296e-002
1.332627e+003;8.511881e-002
1.334555e+003;8.369428e-002
1.336484e+003;8.200683e-002
1.338412e+003;8.043427e-002
1.340341e+003;7.914907e-002
1.342269e+003;7.805353e-002
1.344198e+003;7.738241e-002
1.346126e+003;7.717897e-002
1.348055e+003;7.722001e-002
1.349984e+003;7.719923e-002
1.351912e+003;7.735449e-002
1.353841e+003;7.793541e-002
1.355769e+003;7.872844e-002
1.357698e+003;7.942118e-002
1.359626e+003;7.988836e-002
1.361555e+003;8.086359e-002
1.363483e+003;8.196057e-002
1.365412e+003;8.306225e-002
1.367341e+003;8.429895e-002
1.369269e+003;8.533648e-002
1.371198e+003;8.596215e-002
1.373126e+003;8.611968e-002
1.375055e+003;8.561327e-002
1.376983e+003;8.446646e-002
1.378912e+003;8.270711e-002
1.380840e+003;8.059588e-002
1.382769e+003;7.857113e-002
1.384698e+003;7.631525e-002
1.386626e+003;7.407707e-002
1.388555e+003;7.226971e-002
1.390483e+003;7.086608e-002
1.392412e+003;6.986079e-002
1.394340e+003;6.932944e-002
1.396269e+003;6.938258e-002
1.398197e+003;7.018512e-002
1.400126e+003;7.158300e-002
1.402054e+003;7.336799e-002
1.403983e+003;7.559191e-002
1.405911e+003;7.836805e-002
1.407840e+003;8.242139e-002
1.409769e+003;8.740043e-002
1.411697e+003;9.235089e-002
1.413626e+003;9.663873e-002
1.415554e+003;9.937013e-002
1.417483e+003;9.997360e-002
1.419411e+003;9.827882e-002
1.421340e+003;9.527569e-002
1.423268e+003;9.265769e-002
1.425197e+003;9.077749e-002
1.427125e+003;8.998570e-002
1.429054e+003;9.085236e-002
1.430983e+003;9.298801e-002
1.432911e+003;9.510234e-002
1.434840e+003;9.633254e-002
1.436768e+003;9.629395e-002
1.438697e+003;9.539582e-002
1.440625e+003;9.413732e-002
1.442554e+003;9.272401e-002
1.444482e+003;9.155994e-002
1.446411e+003;9.124999e-002
1.448340e+003;9.208547e-002
1.450268e+003;9.405206e-002
1.452197e+003;9.668588e-002
1.454125e+003;9.934080e-002
1.456054e+003;1.021856e-001
1.457982e+003;1.057871e-001
1.459911e+003;1.090842e-001
1.461839e+003;1.101618e-001
1.463768e+003;1.077200e-001
1.465697e+003;1.022297e-001
1.467625e+003;9.607766e-002
1.469554e+003;9.170352e-002
1.471482e+003;9.027407e-002
1.473411e+003;9.109168e-002
1.475339e+003;9.199417e-002
1.477268e+003;9.155843e-002
1.479196e+003;8.930729e-002
1.481125e+003;8.528729e-002
1.483053e+003;8.048400e-002
1.484982e+003;7.638884e-002
1.486911e+003;7.402202e-002
1.488839e+003;7.338353e-002
1.490768e+003;7.370540e-002
1.492696e+003;7.530212e-002
1.494625e+003;7.801594e-002
1.496553e+003;8.093444e-002
1.498482e+003;8.371971e-002
1.500410e+003;8.636458e-002
1.502339e+003;8.921739e-002
1.504267e+003;9.226143e-002
1.506196e+003;9.549192e-002
1.508125e+003;9.936730e-002
1.510053e+003;1.036169e-001
1.511982e+003;1.078197e-001
1.513910e+003;1.122266e-001
1.515839e+003;1.167041e-001
1.517767e+003;1.212148e-001
1.519696e+003;1.259296e-001
1.521624e+003;1.309721e-001
1.523553e+003;1.366648e-001
1.525481e+003;1.427966e-001
1.527410e+003;1.488132e-001
1.529339e+003;1.549502e-001
1.531267e+003;1.612277e-001
1.533196e+003;1.671011e-001
1.535124e+003;1.722001e-001
1.537053e+003;1.758520e-001
1.538981e+003;1.776595e-001
1.540910e+003;1.776864e-001
1.542838e+003;1.756234e-001
1.544767e+003;1.711679e-001
1.546695e+003;1.648687e-001
1.548624e+003;1.578447e-001
1.550553e+003;1.506430e-001
1.552481e+003;1.437533e-001
1.554410e+003;1.370917e-001
1.556338e+003;1.310775e-001
1.558267e+003;1.252786e-001
1.560195e+003;1.195759e-001
1.562124e+003;1.142544e-001
1.564052e+003;1.090925e-001
1.565981e+003;1.040671e-001
1.567910e+003;9.924398e-002
1.569838e+003;9.489513e-002
1.571767e+003;9.118495e-002
1.573695e+003;8.785494e-002
1.575624e+003;8.498476e-002
1.577552e+003;8.315416e-002
1.579481e+003;8.176301e-002
1.581409e+003;8.041462e-002
1.583338e+003;7.955363e-002
1.585266e+003;7.942790e-002
1.587195e+003;7.998344e-002
1.589124e+003;8.050290e-002
1.591052e+003;8.101784e-002
1.592981e+003;8.181489e-002
1.594909e+003;8.281266e-002
1.596838e+003;8.403519e-002
1.598766e+003;8.635238e-002
1.600695e+003;8.967577e-002
1.602623e+003;9.377404e-002
1.604552e+003;9.882890e-002
1.606480e+003;1.044244e-001
1.608409e+003;1.101312e-001
1.610338e+003;1.156604e-001
1.612266e+003;1.213247e-001
1.614195e+003;1.273892e-001
1.616123e+003;1.346046e-001
1.618052e+003;1.430541e-001
1.619980e+003;1.520549e-001
1.621909e+003;1.611913e-001
1.623837e+003;1.704035e-001
1.625766e+003;1.796890e-001
1.627694e+003;1.887545e-001
1.629623e+003;1.978668e-001
1.631552e+003;2.069917e-001
1.633480e+003;2.141841e-001
1.635409e+003;2.170023e-001
1.637337e+003;2.145691e-001
1.639266e+003;2.070446e-001
1.641194e+003;1.955577e-001
1.643123e+003;1.823857e-001
1.645051e+003;1.694369e-001
1.646980e+003;1.570760e-001
1.648909e+003;1.461126e-001
1.650837e+003;1.366791e-001
1.652766e+003;1.282653e-001
1.654694e+003;1.212011e-001
1.656623e+003;1.156414e-001
1.658551e+003;1.106615e-001
1.660480e+003;1.055538e-001
1.662408e+003;1.001353e-001
1.664337e+003;9.463459e-002
1.666266e+003;8.885597e-002
1.668194e+003;8.296425e-002
1.670123e+003;7.757635e-002
1.672051e+003;7.291047e-002
1.673980e+003;6.865997e-002
1.675908e+003;6.442206e-002
1.677837e+003;6.028035e-002
1.679765e+003;5.625718e-002
1.681694e+003;5.218104e-002
1.683622e+003;4.794442e-002
1.685551e+003;4.444215e-002
1.687479e+003;4.190476e-002
1.689408e+003;3.951302e-002
1.691337e+003;3.749430e-002
1.693265e+003;3.593671e-002
1.695194e+003;3.456264e-002
1.697122e+003;3.354613e-002
1.699051e+003;3.266908e-002
1.700979e+003;3.197251e-002
1.702908e+003;3.150622e-002
1.704836e+003;3.106424e-002
1.706765e+003;3.087305e-002
1.708693e+003;3.039298e-002
1.710622e+003;2.992580e-002
1.712551e+003;2.991635e-002
1.714479e+003;2.989133e-002
1.716408e+003;2.967625e-002
1.718336e+003;2.939486e-002
1.720265e+003;2.913718e-002
1.722193e+003;2.890895e-002
1.724122e+003;2.860527e-002
1.726050e+003;2.828359e-002
1.727979e+003;2.805371e-002
1.729908e+003;2.786561e-002
1.731836e+003;2.764376e-002
1.733765e+003;2.720393e-002
1.735693e+003;2.665788e-002
1.737622e+003;2.621814e-002
1.739550e+003;2.582096e-002
1.741479e+003;2.522562e-002
1.743407e+003;2.454694e-002
1.745336e+003;2.393973e-002
1.747265e+003;2.311847e-002
1.749193e+003;2.236269e-002
1.751122e+003;2.175403e-002
1.753050e+003;2.110771e-002
1.754979e+003;2.058136e-002
1.756907e+003;2.000825e-002
1.758836e+003;1.941857e-002
1.760764e+003;1.881374e-002
1.762693e+003;1.790220e-002
1.764621e+003;1.717743e-002
1.766550e+003;1.681158e-002
1.768479e+003;1.649462e-002
1.770407e+003;1.611277e-002
1.772336e+003;1.584178e-002
1.774264e+003;1.542987e-002
1.776193e+003;1.509687e-002
1.778121e+003;1.488172e-002
1.780050e+003;1.452701e-002
1.781978e+003;1.402972e-002
1.783907e+003;1.371301e-002
1.785835e+003;1.343757e-002
1.787764e+003;1.323096e-002
1.789693e+003;1.297113e-002
1.791621e+003;1.282992e-002
1.793550e+003;1.271192e-002
1.795478e+003;1.229066e-002
1.797407e+003;1.199835e-002
1.799335e+003;1.202120e-002
1.801264e+003;1.186961e-002
1.803192e+003;1.165285e-002
1.805121e+003;1.156631e-002
1.807049e+003;1.153596e-002
1.808978e+003;1.126091e-002
1.810907e+003;1.116877e-002
1.812835e+003;1.116755e-002
1.814764e+003;1.110411e-002
1.816692e+003;1.106502e-002
1.818621e+003;1.091821e-002
1.820549e+003;1.082560e-002
1.822478e+003;1.072275e-002
1.824406e+003;1.047860e-002
1.826335e+003;1.040203e-002
1.828264e+003;1.041927e-002
1.830192e+003;1.031814e-002
1.832121e+003;9.859744e-003
1.834049e+003;9.631522e-003
1.835978e+003;9.726287e-003
1.837906e+003;9.719340e-003
1.839835e+003;9.486383e-003
1.841763e+003;9.162814e-003
1.843692e+003;9.185353e-003
1.845620e+003;9.548565e-003
1.847549e+003;9.436400e-003
1.849478e+003;9.095274e-003
1.851406e+003;8.965231e-003
1.853335e+003;8.746065e-003
1.855263e+003;8.521671e-003
1.857192e+003;8.501770e-003
1.859120e+003;8.604432e-003
1.861049e+003;8.747553e-003
1.862977e+003;8.623292e-003
1.864906e+003;8.468996e-003
1.866834e+003;8.406698e-003
1.868763e+003;8.356940e-003
1.870692e+003;8.452609e-003
1.872620e+003;8.631201e-003
1.874549e+003;8.536235e-003
1.876477e+003;8.359305e-003
1.878406e+003;8.467070e-003
1.880334e+003;8.561479e-003
1.882263e+003;8.467137e-003
1.884191e+003;8.291382e-003
1.886120e+003;8.172924e-003
1.888048e+003;8.311951e-003
1.889977e+003;8.411224e-003
1.891906e+003;8.382172e-003
1.893834e+003;8.440649e-003
1.895763e+003;8.455042e-003
1.897691e+003;8.498357e-003
1.899620e+003;8.476699e-003
1.901548e+003;8.383862e-003
1.903477e+003;8.526369e-003
1.905405e+003;8.435345e-003
1.907334e+003;8.192608e-003
1.909262e+003;8.122889e-003
1.911191e+003;8.034650e-003
1.913120e+003;8.043764e-003
1.915048e+003;8.010147e-003
1.916977e+003;7.849218e-003
1.918905e+003;7.794802e-003
1.920834e+003;7.785391e-003
1.922762e+003;7.827053e-003
1.924691e+003;8.000022e-003
1.926619e+003;8.105773e-003
1.928548e+003;8.247885e-003
1.930477e+003;8.322184e-003
1.932405e+003;8.226780e-003
1.934334e+003;8.123666e-003
1.936262e+003;7.949635e-003
1.938191e+003;7.744642e-003
1.940119e+003;7.708890e-003
1.942048e+003;7.796354e-003
1.943976e+003;7.757932e-003
1.945905e+003;7.791159e-003
1.947833e+003;7.738774e-003
1.949762e+003;7.867101e-003
1.951691e+003;7.873612e-003
1.953619e+003;7.608596e-003
1.955548e+003;7.612777e-003
1.957476e+003;7.693106e-003
1.959405e+003;7.476671e-003
1.961333e+003;7.587488e-003
1.963262e+003;7.887581e-003
1.965190e+003;8.116711e-003
1.967119e+003;8.193148e-003
1.969047e+003;8.273685e-003
1.970976e+003;8.155232e-003
1.972905e+003;7.950749e-003
1.974833e+003;7.918894e-003
1.976762e+003;7.893182e-003
1.978690e+003;8.045215e-003
1.980619e+003;8.309620e-003
1.982547e+003;8.297866e-003
1.984476e+003;8.311545e-003
1.986404e+003;8.219216e-003
1.988333e+003;8.132882e-003
1.990261e+003;8.057603e-003
1.992190e+003;8.101824e-003
1.994119e+003;8.202637e-003
1.996047e+003;8.199125e-003
1.997976e+003;8.162390e-003
1.999904e+003;8.126670e-003
2.001833e+003;8.127446e-003
2.003761e+003;8.243698e-003
2.005690e+003;8.124205e-003
2.007618e+003;7.972955e-003
2.009547e+003;8.086734e-003
2.011476e+003;8.118770e-003
2.013404e+003;8.306951e-003
2.015333e+003;8.550732e-003
2.017261e+003;8.644281e-003
2.019190e+003;8.769461e-003
2.021118e+003;8.641374e-003
2.023047e+003;8.426359e-003
2.024975e+003;8.459299e-003
2.026904e+003;8.557897e-003
2.028833e+003;8.528024e-003
2.030761e+003;8.711887e-003
2.032690e+003;9.020505e-003
2.034618e+003;9.163830e-003
2.036547e+003;9.230636e-003
2.038475e+003;9.370578e-003
2.040404e+003;9.418014e-003
2.042332e+003;9.443952e-003
2.044261e+003;9.501013e-003
2.046189e+003;9.342850e-003
2.048118e+003;9.143627e-003
2.050047e+003;9.094395e-003
2.051975e+003;9.240790e-003
2.053904e+003;9.311671e-003
2.055832e+003;9.514187e-003
2.057761e+003;9.568414e-003
2.059689e+003;9.386220e-003
2.061618e+003;9.541283e-003
2.063546e+003;9.806160e-003
2.065475e+003;9.685458e-003
2.067404e+003;9.494477e-003
2.069332e+003;9.390587e-003
2.071260e+003;9.405452e-003
2.073189e+003;9.438635e-003
2.075118e+003;9.314413e-003
2.077046e+003;9.375792e-003
2.078975e+003;9.521706e-003
2.080903e+003;9.497796e-003
2.082832e+003;9.409379e-003
2.084760e+003;9.320472e-003
2.086689e+003;9.365093e-003
2.088617e+003;9.371187e-003
2.090546e+003;9.205963e-003
2.092475e+003;9.136962e-003
2.094403e+003;9.111042e-003
2.096332e+003;9.207757e-003
2.098260e+003;9.192223e-003
2.100189e+003;9.236391e-003
2.102117e+003;9.370239e-003
2.104046e+003;9.365059e-003
2.105974e+003;9.121599e-003
2.107903e+003;9.145319e-003
2.109832e+003;9.224950e-003
2.111760e+003;9.219298e-003
2.113688e+003;9.359574e-003
2.115617e+003;9.373016e-003
2.117546e+003;9.453366e-003
2.119474e+003;9.534068e-003
2.121403e+003;9.517304e-003
2.123331e+003;9.611230e-003
2.125260e+003;9.864523e-003
2.127188e+003;1.006282e-002
2.129117e+003;9.868964e-003
2.131045e+003;9.786131e-003
2.132974e+003;9.871302e-003
2.134903e+003;9.995650e-003
2.136831e+003;9.960152e-003
2.138760e+003;9.952728e-003
2.140688e+003;1.004322e-002
2.142617e+003;1.004648e-002
2.144545e+003;1.011800e-002
2.146474e+003;1.022009e-002
2.148402e+003;1.016894e-002
2.150331e+003;1.008853e-002
2.152260e+003;1.003641e-002
2.154188e+003;1.023139e-002
2.156117e+003;1.051064e-002
2.158045e+003;1.042046e-002
2.159974e+003;1.017796e-002
2.161902e+003;1.004204e-002
2.163831e+003;1.008554e-002
2.165759e+003;1.038835e-002
2.167688e+003;1.067534e-002
2.169616e+003;1.056930e-002
2.171545e+003;1.044689e-002
2.173474e+003;1.046998e-002
2.175402e+003;1.053773e-002
2.177331e+003;1.063422e-002
2.179259e+003;1.083124e-002
2.181188e+003;1.086263e-002
2.183116e+003;1.076426e-002
2.185045e+003;1.076949e-002
2.186973e+003;1.079381e-002
2.188902e+003;1.073956e-002
2.190831e+003;1.082251e-002
2.192759e+003;1.101985e-002
2.194688e+003;1.100752e-002
2.196616e+003;1.096456e-002
2.198545e+003;1.093551e-002
2.200473e+003;1.074177e-002
2.202402e+003;1.071209e-002
2.204330e+003;1.074622e-002
2.206259e+003;1.073715e-002
2.208188e+003;1.070801e-002
2.210116e+003;1.054696e-002
2.212044e+003;1.052028e-002
2.213973e+003;1.075614e-002
2.215902e+003;1.076001e-002
2.217830e+003;1.051814e-002
2.219759e+003;1.038201e-002
2.221687e+003;1.035710e-002
2.223616e+003;1.025802e-002
2.225544e+003;1.005587e-002
2.227473e+003;9.858320e-003
2.229401e+003;1.010375e-002
2.231330e+003;1.027234e-002
2.233259e+003;1.015877e-002
2.235187e+003;1.008158e-002
2.237116e+003;1.011746e-002
2.239044e+003;1.008859e-002
2.240973e+003;1.006025e-002
2.242901e+003;1.012278e-002
2.244830e+003;1.018400e-002
2.246758e+003;1.012763e-002
2.248687e+003;1.024571e-002
2.250615e+003;1.040430e-002
2.252544e+003;1.050589e-002
2.254473e+003;1.050076e-002
2.256401e+003;1.032062e-002
2.258330e+003;1.032340e-002
2.260258e+003;1.036684e-002
2.262187e+003;1.049961e-002
2.264115e+003;1.070618e-002
2.266044e+003;1.083270e-002
2.267972e+003;1.071029e-002
2.269901e+003;1.057867e-002
2.271830e+003;1.060940e-002
2.273758e+003;1.072452e-002
2.275687e+003;1.084524e-002
2.277615e+003;1.093867e-002
2.279544e+003;1.094305e-002
2.281472e+003;1.102934e-002
2.283401e+003;1.125795e-002
2.285329e+003;1.146005e-002
2.287258e+003;1.157696e-002
2.289187e+003;1.146546e-002
2.291115e+003;1.134801e-002
2.293043e+003;1.126105e-002
2.294972e+003;1.120216e-002
2.296901e+003;1.148247e-002
2.298829e+003;1.155603e-002
2.300758e+003;1.143818e-002
2.302686e+003;1.152136e-002
2.304615e+003;1.158475e-002
2.306543e+003;1.149615e-002
2.308472e+003;1.150221e-002
2.310400e+003;1.155362e-002
2.312329e+003;1.160541e-002
2.314258e+003;1.165952e-002
2.316186e+003;1.163961e-002
2.318115e+003;1.156934e-002
2.320043e+003;1.144155e-002
2.321972e+003;1.129332e-002
2.323900e+003;1.136100e-002
2.325829e+003;1.125534e-002
2.327757e+003;1.100140e-002
2.329686e+003;1.089450e-002
2.331615e+003;1.089705e-002
2.333543e+003;1.088461e-002
2.335472e+003;1.099297e-002
2.337400e+003;1.101207e-002
2.339329e+003;1.101978e-002
2.341257e+003;1.106033e-002
2.343186e+003;1.119362e-002
2.345114e+003;1.117485e-002
2.347043e+003;1.114269e-002
2.348971e+003;1.125979e-002
2.350900e+003;1.139352e-002
2.352829e+003;1.146801e-002
2.354757e+003;1.147427e-002
2.356686e+003;1.124483e-002
2.358614e+003;1.087894e-002
2.360543e+003;1.090299e-002
2.362471e+003;1.120943e-002
2.364400e+003;1.119437e-002
2.366328e+003;1.105700e-002
2.368257e+003;1.116296e-002
2.370186e+003;1.135797e-002
2.372114e+003;1.157989e-002
2.374042e+003;1.160643e-002
2.375971e+003;1.153354e-002
2.377900e+003;1.177284e-002
2.379828e+003;1.206242e-002
2.381757e+003;1.214630e-002
2.383685e+003;1.223817e-002
2.385614e+003;1.220243e-002
2.387542e+003;1.218406e-002
2.389471e+003;1.235079e-002
2.391399e+003;1.237149e-002
2.393328e+003;1.211659e-002
2.395257e+003;1.215094e-002
2.397185e+003;1.230174e-002
2.399114e+003;1.254406e-002
2.401042e+003;1.257134e-002
2.402971e+003;1.241448e-002
2.404899e+003;1.263663e-002
2.406828e+003;1.279675e-002
2.408756e+003;1.265710e-002
2.410685e+003;1.265662e-002
2.412614e+003;1.258690e-002
2.414542e+003;1.262810e-002
2.416471e+003;1.272164e-002
2.418399e+003;1.266764e-002
2.420328e+003;1.258055e-002
2.422256e+003;1.266917e-002
2.424185e+003;1.290743e-002
2.426113e+003;1.288889e-002
2.428042e+003;1.296901e-002
2.429970e+003;1.323066e-002
2.431899e+003;1.329994e-002
2.433828e+003;1.335235e-002
2.435756e+003;1.331705e-002
2.437685e+003;1.330783e-002
2.439613e+003;1.350603e-002
2.441542e+003;1.372973e-002
2.443470e+003;1.404786e-002
2.445399e+003;1.414226e-002
2.447327e+003;1.413589e-002
2.449256e+003;1.423633e-002
2.451185e+003;1.409557e-002
2.453113e+003;1.408588e-002
2.455042e+003;1.424500e-002
2.456970e+003;1.441989e-002
2.458899e+003;1.439903e-002
2.460827e+003;1.447367e-002
2.462756e+003;1.479052e-002
2.464684e+003;1.469064e-002
2.466613e+003;1.448316e-002
2.468542e+003;1.462401e-002
2.470470e+003;1.479145e-002
2.472398e+003;1.470733e-002
2.474327e+003;1.481534e-002
2.476256e+003;1.493872e-002
2.478184e+003;1.484534e-002
2.480113e+003;1.502093e-002
2.482041e+003;1.519671e-002
2.483970e+003;1.515605e-002
2.485898e+003;1.517602e-002
2.487827e+003;1.523498e-002
2.489755e+003;1.519987e-002
2.491684e+003;1.505111e-002
2.493613e+003;1.500793e-002
2.495541e+003;1.515520e-002
2.497470e+003;1.525701e-002
2.499398e+003;1.525756e-002
2.501327e+003;1.543516e-002
2.503255e+003;1.572805e-002
2.505184e+003;1.579237e-002
2.507112e+003;1.576141e-002
2.509041e+003;1.572032e-002
2.510969e+003;1.580257e-002
2.512898e+003;1.595888e-002
2.514827e+003;1.621246e-002
2.516755e+003;1.658900e-002
2.518684e+003;1.668137e-002
2.520612e+003;1.673258e-002
2.522541e+003;1.675331e-002
2.524469e+003;1.692308e-002
2.526398e+003;1.711880e-002
2.528326e+003;1.713935e-002
2.530255e+003;1.722797e-002
2.532184e+003;1.740724e-002
2.534112e+003;1.755026e-002
2.536041e+003;1.771672e-002
2.537969e+003;1.791046e-002
2.539898e+003;1.802829e-002
2.541826e+003;1.801012e-002
2.543755e+003;1.792213e-002
2.545683e+003;1.833551e-002
2.547612e+003;1.866523e-002
2.549541e+003;1.866751e-002
2.551469e+003;1.875690e-002
2.553397e+003;1.873316e-002
2.555326e+003;1.863137e-002
2.557255e+003;1.856693e-002
2.559183e+003;1.863593e-002
2.561112e+003;1.871051e-002
2.563040e+003;1.868093e-002
2.564969e+003;1.857319e-002
2.566897e+003;1.874150e-002
2.568826e+003;1.908330e-002
2.570754e+003;1.919234e-002
2.572683e+003;1.933282e-002
2.574612e+003;1.948659e-002
2.576540e+003;1.965879e-002
2.578469e+003;1.968677e-002
2.580397e+003;1.967765e-002
2.582326e+003;1.994251e-002
2.584254e+003;1.992260e-002
2.586183e+003;1.990373e-002
2.588111e+003;2.020207e-002
2.590040e+003;2.034754e-002
2.591969e+003;2.039487e-002
2.593897e+003;2.052901e-002
2.595826e+003;2.048781e-002
2.597754e+003;2.035146e-002
2.599683e+003;2.063056e-002
2.601611e+003;2.086248e-002
2.603540e+003;2.089659e-002
2.605468e+003;2.082219e-002
2.607397e+003;2.066871e-002
2.609325e+003;2.092047e-002
2.611254e+003;2.133125e-002
2.613183e+003;2.144267e-002
2.615111e+003;2.145593e-002
2.617040e+003;2.137385e-002
2.618968e+003;2.108068e-002
2.620897e+003;2.122930e-002
2.622825e+003;2.143686e-002
2.624754e+003;2.147146e-002
2.626682e+003;2.144232e-002
2.628611e+003;2.153510e-002
2.630540e+003;2.170348e-002
2.632468e+003;2.165692e-002
2.634396e+003;2.181775e-002
2.636325e+003;2.210636e-002
2.638254e+003;2.207847e-002
2.640182e+003;2.191246e-002
2.642111e+003;2.198359e-002
2.644039e+003;2.197766e-002
2.645968e+003;2.212540e-002
2.647896e+003;2.230726e-002
2.649825e+003;2.243107e-002
2.651753e+003;2.254671e-002
2.653682e+003;2.264015e-002
2.655611e+003;2.257666e-002
2.657539e+003;2.254643e-002
2.659468e+003;2.279499e-002
2.661396e+003;2.324065e-002
2.663325e+003;2.334616e-002
2.665253e+003;2.312350e-002
2.667182e+003;2.318634e-002
2.669110e+003;2.341036e-002
2.671039e+003;2.353211e-002
2.672968e+003;2.344627e-002
2.674896e+003;2.356075e-002
2.676825e+003;2.383047e-002
2.678753e+003;2.380072e-002
2.680682e+003;2.375704e-002
2.682610e+003;2.386499e-002
2.684539e+003;2.432962e-002
2.686467e+003;2.480700e-002
2.688396e+003;2.501428e-002
2.690324e+003;2.492770e-002
2.692253e+003;2.494637e-002
2.694182e+003;2.521993e-002
2.696110e+003;2.554631e-002
2.698039e+003;2.574508e-002
2.699967e+003;2.588091e-002
2.701896e+003;2.600420e-002
2.703824e+003;2.632388e-002
2.705753e+003;2.670989e-002
2.707681e+003;2.669847e-002
2.709610e+003;2.670971e-002
2.711539e+003;2.705477e-002
2.713467e+003;2.738462e-002
2.715396e+003;2.736270e-002
2.717324e+003;2.741737e-002
2.719253e+003;2.803565e-002
2.721181e+003;2.872030e-002
2.723110e+003;2.904850e-002
2.725038e+003;2.912723e-002
2.726967e+003;2.943308e-002
2.728896e+003;2.963698e-002
2.730824e+003;2.982694e-002
2.732752e+003;3.033233e-002
2.734681e+003;3.060234e-002
2.736610e+003;3.041288e-002
2.738538e+003;3.049537e-002
2.740467e+003;3.089903e-002
2.742395e+003;3.110311e-002
2.744324e+003;3.129351e-002
2.746252e+003;3.157884e-002
2.748181e+003;3.167274e-002
2.750109e+003;3.175397e-002
2.752038e+003;3.191113e-002
2.753967e+003;3.203771e-002
2.755895e+003;3.201934e-002
2.757824e+003;3.192658e-002
2.759752e+003;3.180695e-002
2.761681e+003;3.189805e-002
2.763609e+003;3.229665e-002
2.765538e+003;3.237550e-002
2.767466e+003;3.272834e-002
2.769395e+003;3.316891e-002
2.771323e+003;3.331825e-002
2.773252e+003;3.376106e-002
2.775181e+003;3.416109e-002
2.777109e+003;3.421590e-002
2.779038e+003;3.454711e-002
2.780966e+003;3.523707e-002
2.782895e+003;3.553288e-002
2.784823e+003;3.551141e-002
2.786752e+003;3.566552e-002
2.788680e+003;3.589176e-002
2.790609e+003;3.632117e-002
2.792538e+003;3.666483e-002
2.794466e+003;3.676179e-002
2.796395e+003;3.704449e-002
2.798323e+003;3.751366e-002
2.800252e+003;3.796211e-002
2.802180e+003;3.837135e-002
2.804109e+003;3.882859e-002
2.806037e+003;3.927517e-002
2.807966e+003;3.954841e-002
2.809895e+003;4.018305e-002
2.811823e+003;4.110643e-002
2.813751e+003;4.183937e-002
2.815680e+003;4.227478e-002
2.817609e+003;4.257959e-002
2.819537e+003;4.318769e-002
2.821466e+003;4.391177e-002
2.823394e+003;4.455147e-002
2.825323e+003;4.499644e-002
2.827251e+003;4.580097e-002
2.829180e+003;4.672638e-002
2.831108e+003;4.740716e-002
2.833037e+003;4.820295e-002
2.834966e+003;4.929158e-002
2.836894e+003;5.081011e-002
2.838823e+003;5.268627e-002
2.840751e+003;5.486718e-002
2.842680e+003;5.790062e-002
2.844608e+003;6.134950e-002
2.846537e+003;6.452224e-002
2.848465e+003;6.768502e-002
2.850394e+003;7.064653e-002
2.852323e+003;7.313502e-002
2.854251e+003;7.519306e-002
2.856180e+003;7.689303e-002
2.858108e+003;7.818426e-002
2.860037e+003;7.893880e-002
2.861965e+003;7.928697e-002
2.863894e+003;7.924521e-002
2.865822e+003;7.847446e-002
2.867751e+003;7.730013e-002
2.869679e+003;7.611645e-002
2.871608e+003;7.446289e-002
2.873536e+003;7.233647e-002
2.875465e+003;7.028215e-002
2.877394e+003;6.814244e-002
2.879322e+003;6.611461e-002
2.881251e+003;6.504604e-002
2.883179e+003;6.462846e-002
2.885108e+003;6.460800e-002
2.887036e+003;6.504647e-002
2.888965e+003;6.552543e-002
2.890893e+003;6.627318e-002
2.892822e+003;6.755199e-002
2.894750e+003;6.934977e-002
2.896679e+003;7.119828e-002
2.898608e+003;7.257591e-002
2.900536e+003;7.348453e-002
2.902465e+003;7.397196e-002
2.904393e+003;7.446282e-002
2.906322e+003;7.515024e-002
2.908250e+003;7.634641e-002
2.910179e+003;7.776801e-002
2.912107e+003;7.918803e-002
2.914036e+003;8.110770e-002
2.915965e+003;8.326299e-002
2.917893e+003;8.539210e-002
2.919822e+003;8.779122e-002
2.921750e+003;8.998264e-002
2.923679e+003;9.197591e-002
2.925607e+003;9.461143e-002
2.927536e+003;9.703019e-002
2.929464e+003;9.884666e-002
2.931393e+003;1.004617e-001
2.933322e+003;1.011652e-001
2.935250e+003;1.008831e-001
2.937178e+003;1.000414e-001
2.939107e+003;9.824139e-002
2.941036e+003;9.578347e-002
2.942964e+003;9.367266e-002
2.944893e+003;9.088568e-002
2.946821e+003;8.673980e-002
2.948750e+003;8.234369e-002
2.950678e+003;7.772109e-002
2.952607e+003;7.274990e-002
2.954535e+003;6.807973e-002
2.956464e+003;6.443048e-002
2.958393e+003;6.158208e-002
2.960321e+003;5.909484e-002
2.962250e+003;5.707149e-002
2.964178e+003;5.553322e-002
2.966107e+003;5.350818e-002
2.968035e+003;5.151568e-002
2.969964e+003;4.983895e-002
2.971892e+003;4.814113e-002
2.973821e+003;4.682358e-002
2.975750e+003;4.580362e-002
2.977678e+003;4.468366e-002
2.979607e+003;4.351503e-002
2.981535e+003;4.228044e-002
2.983464e+003;4.114161e-002
2.985392e+003;4.048225e-002
2.987321e+003;3.994382e-002
2.989249e+003;3.942583e-002
2.991178e+003;3.886892e-002
2.993106e+003;3.843053e-002
2.995035e+003;3.839361e-002
2.996964e+003;3.812978e-002
2.998892e+003;3.761207e-002
3.000821e+003;3.732849e-002
3.002749e+003;3.716470e-002
3.004678e+003;3.716629e-002
3.006606e+003;3.721112e-002
3.008535e+003;3.721354e-002
3.010463e+003;3.724390e-002
3.012392e+003;3.749271e-002
3.014321e+003;3.789872e-002
3.016249e+003;3.816202e-002
3.018177e+003;3.803324e-002
3.020106e+003;3.808077e-002
3.022035e+003;3.838691e-002
3.023963e+003;3.894821e-002
3.025892e+003;3.947205e-002
3.027820e+003;3.982174e-002
3.029749e+003;4.023438e-002
3.031677e+003;4.069325e-002
3.033606e+003;4.138989e-002
3.035534e+003;4.196661e-002
3.037463e+003;4.249959e-002
3.039392e+003;4.307275e-002
3.041320e+003;4.362375e-002
3.043249e+003;4.416574e-002
3.045177e+003;4.485777e-002
3.047106e+003;4.541473e-002
3.049034e+003;4.597133e-002
3.050963e+003;4.645560e-002
3.052891e+003;4.681564e-002
3.054820e+003;4.732361e-002
3.056749e+003;4.787187e-002
3.058677e+003;4.849865e-002
3.060606e+003;4.893931e-002
3.062534e+003;4.922315e-002
3.064463e+003;4.959969e-002
3.066391e+003;5.006415e-002
3.068320e+003;5.022317e-002
3.070248e+003;5.028023e-002
3.072177e+003;5.017035e-002
3.074105e+003;4.966841e-002
3.076034e+003;4.952474e-002
3.077963e+003;4.997128e-002
3.079891e+003;5.015388e-002
3.081820e+003;4.996269e-002
3.083748e+003;4.965381e-002
3.085677e+003;4.925117e-002
3.087605e+003;4.919832e-002
3.089534e+003;4.895511e-002
3.091462e+003;4.836011e-002
3.093391e+003;4.782844e-002
3.095320e+003;4.735576e-002
3.097248e+003;4.701040e-002
3.099177e+003;4.642285e-002
3.101105e+003;4.572506e-002
3.103034e+003;4.524892e-002
3.104962e+003;4.518645e-002
3.106891e+003;4.478113e-002
3.108819e+003;4.410200e-002
3.110748e+003;4.363878e-002
3.112677e+003;4.307977e-002
3.114605e+003;4.282496e-002
3.116533e+003;4.265105e-002
3.118462e+003;4.222818e-002
3.120391e+003;4.203293e-002
3.122319e+003;4.208050e-002
3.124248e+003;4.185948e-002
3.126176e+003;4.141329e-002
3.128105e+003;4.118736e-002
3.130033e+003;4.116492e-002
3.131962e+003;4.096859e-002
3.133890e+003;4.073190e-002
3.135819e+003;4.093381e-002
3.137748e+003;4.115210e-002
3.139676e+003;4.077055e-002
3.141605e+003;4.066334e-002
3.143533e+003;4.108180e-002
3.145462e+003;4.097539e-002
3.147390e+003;4.068328e-002
3.149319e+003;4.086147e-002
3.151247e+003;4.127605e-002
3.153176e+003;4.159459e-002
3.155104e+003;4.180442e-002
3.157033e+003;4.198614e-002
3.158962e+003;4.228107e-002
3.160890e+003;4.258832e-002
3.162819e+003;4.280818e-002
3.164747e+003;4.336969e-002
3.166676e+003;4.401552e-002
3.168604e+003;4.414388e-002
3.170533e+003;4.453062e-002
3.172461e+003;4.507631e-002
3.174390e+003;4.537128e-002
3.176319e+003;4.552550e-002
3.178247e+003;4.596632e-002
3.180176e+003;4.679103e-002
3.182104e+003;4.746374e-002
3.184033e+003;4.782197e-002
3.185961e+003;4.825161e-002
3.187890e+003;4.846812e-002
3.189818e+003;4.875640e-002
3.191747e+003;4.896939e-002
3.193676e+003;4.910144e-002
3.195604e+003;4.954387e-002
3.197532e+003;4.994849e-002
3.199461e+003;5.013294e-002
3.201390e+003;5.042445e-002
3.203318e+003;5.048708e-002
3.205247e+003;5.074653e-002
3.207175e+003;5.130871e-002
3.209104e+003;5.162669e-002
3.211032e+003;5.184538e-002
3.212961e+003;5.192196e-002
3.214889e+003;5.177601e-002
3.216818e+003;5.202145e-002
3.218747e+003;5.263001e-002
3.220675e+003;5.332821e-002
3.222604e+003;5.397275e-002
3.224532e+003;5.451543e-002
3.226461e+003;5.504208e-002
3.228389e+003;5.555784e-002
3.230318e+003;5.618776e-002
3.232246e+003;5.664346e-002
3.234175e+003;5.714001e-002
3.236104e+003;5.829215e-002
3.238032e+003;5.956105e-002
3.239961e+003;6.052135e-002
3.241889e+003;6.132893e-002
3.243818e+003;6.247098e-002
3.245746e+003;6.356633e-002
3.247675e+003;6.478468e-002
3.249603e+003;6.598908e-002
3.251532e+003;6.704719e-002
3.253460e+003;6.798576e-002
3.255389e+003;6.911264e-002
3.257318e+003;7.058758e-002
3.259246e+003;7.199047e-002
3.261175e+003;7.361279e-002
3.263103e+003;7.530252e-002
3.265032e+003;7.668544e-002
3.266960e+003;7.809390e-002
3.268889e+003;7.960907e-002
3.270817e+003;8.118211e-002
3.272746e+003;8.271661e-002
3.274675e+003;8.412252e-002
3.276603e+003;8.578674e-002
3.278531e+003;8.792391e-002
3.280460e+003;8.978406e-002
3.282389e+003;9.141195e-002
3.284317e+003;9.355826e-002
3.286246e+003;9.565439e-002
3.288174e+003;9.722888e-002
3.290103e+003;9.863275e-002
3.292031e+003;9.993414e-002
3.293960e+003;1.007546e-001
3.295888e+003;1.005289e-001
3.297817e+003;9.990803e-002
3.299746e+003;9.867720e-002
3.301674e+003;9.694406e-002
3.303603e+003;9.462848e-002
3.305531e+003;9.193623e-002
3.307460e+003;8.961814e-002
3.309388e+003;8.705893e-002
3.311317e+003;8.377416e-002
3.313245e+003;8.055735e-002
3.315174e+003;7.828020e-002
3.317103e+003;7.652737e-002
3.319031e+003;7.443234e-002
3.320960e+003;7.224083e-002
3.322888e+003;6.981674e-002
3.324817e+003;6.746227e-002
3.326745e+003;6.575491e-002
3.328674e+003;6.429768e-002
3.330602e+003;6.255624e-002
3.332531e+003;6.055029e-002
3.334459e+003;5.907395e-002
3.336388e+003;5.792996e-002
3.338317e+003;5.650309e-002
3.340245e+003;5.520417e-002
3.342174e+003;5.420660e-002
3.344102e+003;5.339397e-002
3.346031e+003;5.228978e-002
3.347959e+003;5.116432e-002
3.349888e+003;5.013261e-002
3.351816e+003;4.910972e-002
3.353745e+003;4.787901e-002
3.355674e+003;4.682989e-002
3.357602e+003;4.630985e-002
3.359531e+003;4.550538e-002
3.361459e+003;4.487900e-002
3.363388e+003;4.502647e-002
3.365316e+003;4.492089e-002
3.367245e+003;4.394102e-002
3.369173e+003;4.301969e-002
3.371102e+003;4.260653e-002
3.373031e+003;4.183882e-002
3.374959e+003;4.091492e-002
3.376887e+003;4.042726e-002
3.378816e+003;4.058465e-002
3.380745e+003;4.051808e-002
3.382673e+003;3.984495e-002
3.384602e+003;3.947394e-002
3.386530e+003;3.920655e-002
3.388459e+003;3.874207e-002
3.390387e+003;3.823094e-002
3.392316e+003;3.796905e-002
3.394244e+003;3.779371e-002
3.396173e+003;3.728148e-002
3.398102e+003;3.696378e-002
3.400030e+003;3.719614e-002
3.401959e+003;3.690869e-002
3.403887e+003;3.642194e-002
3.405816e+003;3.644352e-002
3.407744e+003;3.660993e-002
3.409673e+003;3.635377e-002
3.411601e+003;3.569447e-002
3.413530e+003;3.505963e-002
3.415458e+003;3.516561e-002
3.417387e+003;3.569260e-002
3.419316e+003;3.549591e-002
3.421244e+003;3.479527e-002
3.423173e+003;3.447833e-002
3.425101e+003;3.432074e-002
3.427030e+003;3.424821e-002
3.428958e+003;3.423290e-002
3.430887e+003;3.402350e-002
3.432815e+003;3.359872e-002
3.434744e+003;3.329771e-002
3.436673e+003;3.350705e-002
3.438601e+003;3.365532e-002
3.440530e+003;3.331961e-002
3.442458e+003;3.300875e-002
3.444387e+003;3.296918e-002
3.446315e+003;3.269762e-002
3.448244e+003;3.223694e-002
3.450172e+003;3.226367e-002
3.452101e+003;3.210916e-002
3.454030e+003;3.172342e-002
3.455958e+003;3.124733e-002
3.457886e+003;3.128710e-002
3.459815e+003;3.137474e-002
3.461744e+003;3.091970e-002
3.463672e+003;3.042948e-002
3.465601e+003;3.000802e-002
3.467529e+003;2.996751e-002
3.469458e+003;2.981328e-002
3.471386e+003;2.958086e-002
3.473315e+003;2.948581e-002
3.475243e+003;2.949631e-002
3.477172e+003;2.926707e-002
3.479101e+003;2.887368e-002
3.481029e+003;2.890364e-002
3.482958e+003;2.912794e-002
3.484886e+003;2.897539e-002
3.486815e+003;2.867690e-002
3.488743e+003;2.828924e-002
3.490672e+003;2.792465e-002
3.492600e+003;2.771662e-002
3.494529e+003;2.790101e-002
3.496458e+003;2.786201e-002
3.498386e+003;2.783427e-002
3.500315e+003;2.771531e-002
3.502243e+003;2.764366e-002
3.504172e+003;2.760676e-002
3.506100e+003;2.706320e-002
3.508029e+003;2.673829e-002
3.509957e+003;2.680825e-002
3.511886e+003;2.678023e-002
3.513814e+003;2.627917e-002
3.515743e+003;2.588735e-002
3.517672e+003;2.574072e-002
3.519600e+003;2.574065e-002
3.521529e+003;2.576361e-002
3.523457e+003;2.555000e-002
3.525386e+003;2.522316e-002
3.527314e+003;2.521515e-002
3.529243e+003;2.513700e-002
3.531171e+003;2.452093e-002
3.533100e+003;2.403904e-002
3.535029e+003;2.390661e-002
3.536957e+003;2.382596e-002
3.538885e+003;2.343708e-002
3.540814e+003;2.252951e-002
3.542743e+003;2.228002e-002
3.544671e+003;2.249950e-002
3.546600e+003;2.233974e-002
3.548528e+003;2.214736e-002
3.550457e+003;2.179524e-002
3.552385e+003;2.128205e-002
3.554314e+003;2.096519e-002
3.556242e+003;2.046183e-002
3.558171e+003;1.986831e-002
3.560100e+003;1.956586e-002
3.562028e+003;1.941341e-002
3.563957e+003;1.935479e-002
3.565885e+003;1.941992e-002
3.567814e+003;1.902323e-002
3.569742e+003;1.865004e-002
3.571671e+003;1.842134e-002
3.573599e+003;1.798777e-002
3.575528e+003;1.778945e-002
3.577457e+003;1.774827e-002
3.579385e+003;1.759145e-002
3.581314e+003;1.667328e-002
3.583242e+003;1.603654e-002
3.585171e+003;1.593351e-002
3.587099e+003;1.571410e-002
3.589028e+003;1.558797e-002
3.590956e+003;1.549758e-002
3.592885e+003;1.511814e-002
3.594813e+003;1.494081e-002
3.596742e+003;1.511224e-002
3.598671e+003;1.469530e-002
3.600599e+003;1.434601e-002
3.602528e+003;1.438461e-002
3.604456e+003;1.421552e-002
3.606385e+003;1.346645e-002
3.608313e+003;1.280364e-002
3.610242e+003;1.279381e-002
3.612170e+003;1.306775e-002
3.614099e+003;1.315831e-002
3.616028e+003;1.261527e-002
3.617956e+003;1.198200e-002
3.619885e+003;1.169840e-002
3.621813e+003;1.139005e-002
3.623742e+003;1.106468e-002
3.625670e+003;1.095668e-002
3.627599e+003;1.073983e-002
3.629527e+003;1.070254e-002
3.631456e+003;1.085407e-002
3.633385e+003;1.070570e-002
3.635313e+003;1.067018e-002
3.637241e+003;1.069331e-002
3.639170e+003;1.054211e-002
3.641099e+003;1.010823e-002
3.643027e+003;9.719815e-003
3.644956e+003;9.629828e-003
3.646884e+003;9.635858e-003
3.648813e+003;9.372542e-003
3.650741e+003;9.199499e-003
3.652670e+003;9.117877e-003
3.654598e+003;8.998279e-003
3.656527e+003;9.013840e-003
3.658456e+003;9.095172e-003
3.660384e+003;9.087729e-003
3.662313e+003;8.914091e-003
3.664241e+003;8.491734e-003
3.666170e+003;8.317894e-003
3.668098e+003;8.145981e-003
3.670027e+003;8.004376e-003
3.671955e+003;7.793925e-003
3.673884e+003;7.394394e-003
3.675813e+003;7.488504e-003
3.677741e+003;7.560515e-003
3.679669e+003;7.026614e-003
3.681598e+003;6.328396e-003
3.683527e+003;6.391069e-003
3.685455e+003;6.717021e-003
3.687384e+003;6.561247e-003
3.689312e+003;6.389725e-003
3.691241e+003;6.264825e-003
3.693169e+003;6.293769e-003
3.695098e+003;6.108474e-003
3.697026e+003;5.876438e-003
3.698955e+003;5.776163e-003
3.700884e+003;5.813839e-003
3.702812e+003;5.762732e-003
3.704741e+003;5.792549e-003
3.706669e+003;5.815182e-003
3.708598e+003;5.857026e-003
3.710526e+003;6.031395e-003
3.712455e+003;5.825357e-003
3.714383e+003;5.756252e-003
3.716312e+003;5.900552e-003
3.718240e+003;5.961383e-003
3.720169e+003;5.981774e-003
3.722098e+003;5.631434e-003
3.724026e+003;5.255920e-003
3.725955e+003;5.280806e-003
3.727883e+003;5.611462e-003
3.729812e+003;6.056123e-003
3.731740e+003;5.977307e-003
3.733669e+003;5.827775e-003
3.735597e+003;5.689474e-003
3.737526e+003;5.821663e-003
3.739455e+003;5.901661e-003
3.741383e+003;5.765217e-003
3.743312e+003;5.926348e-003
3.745240e+003;6.285869e-003
3.747169e+003;6.080651e-003
3.749097e+003;5.215006e-003
3.751026e+003;5.038786e-003
3.752954e+003;5.318640e-003
3.754883e+003;5.736208e-003
3.756812e+003;5.934041e-003
3.758740e+003;5.858738e-003
3.760668e+003;5.899881e-003
3.762597e+003;5.697431e-003
3.764526e+003;5.650836e-003
3.766454e+003;5.715694e-003
3.768383e+003;5.238179e-003
3.770311e+003;5.227750e-003
3.772240e+003;5.409381e-003
3.774168e+003;5.586826e-003
3.776097e+003;5.905624e-003
3.778025e+003;5.965650e-003
3.779954e+003;6.077896e-003
3.781883e+003;5.978751e-003
3.783811e+003;5.539673e-003
3.785740e+003;5.242271e-003
3.787668e+003;5.030339e-003
3.789597e+003;4.952847e-003
3.791525e+003;5.063123e-003
3.793454e+003;4.808292e-003
3.795382e+003;5.076029e-003
3.797311e+003;5.555480e-003
3.799240e+003;5.770757e-003
3.801168e+003;5.939818e-003
3.803097e+003;6.137407e-003
3.805025e+003;6.178375e-003
3.806954e+003;5.999781e-003
3.808882e+003;6.018191e-003
3.810811e+003;5.762396e-003
3.812739e+003;5.606931e-003
3.814668e+003;5.801481e-003
3.816596e+003;6.149338e-003
3.818525e+003;6.380310e-003
3.820454e+003;6.286541e-003
3.822382e+003;5.883961e-003
3.824311e+003;5.664767e-003
3.826239e+003;5.850343e-003
3.828168e+003;6.393490e-003
3.830096e+003;6.475242e-003
3.832025e+003;6.031160e-003
3.833953e+003;6.494143e-003
3.835882e+003;6.510254e-003
3.837811e+003;5.923661e-003
3.839739e+003;5.836338e-003
3.841667e+003;5.995111e-003
3.843596e+003;6.405226e-003
3.845525e+003;6.802434e-003
3.847453e+003;6.665841e-003
3.849382e+003;6.696326e-003
3.851310e+003;6.633945e-003
3.853239e+003;6.147489e-003
3.855167e+003;6.279784e-003
3.857096e+003;6.797318e-003
3.859024e+003;7.044024e-003
3.860953e+003;6.935602e-003
3.862882e+003;6.680578e-003
3.864810e+003;6.573054e-003
3.866739e+003;6.703930e-003
3.868667e+003;6.934861e-003
3.870596e+003;6.866858e-003
3.872524e+003;6.690135e-003
3.874453e+003;6.592834e-003
3.876381e+003;6.601009e-003
3.878310e+003;6.653224e-003
3.880239e+003;6.730952e-003
3.882167e+003;6.926646e-003
3.884096e+003;7.179826e-003
3.886024e+003;7.092588e-003
3.887953e+003;6.448135e-003
3.889881e+003;6.400922e-003
3.891810e+003;6.354453e-003
3.893738e+003;6.077829e-003
3.895667e+003;6.397862e-003
3.897595e+003;6.896717e-003
3.899524e+003;7.300811e-003
3.901453e+003;7.435447e-003
3.903381e+003;7.319109e-003
3.905310e+003;7.315065e-003
3.907238e+003;7.101041e-003
3.909167e+003;7.060088e-003
3.911095e+003;7.447244e-003
3.913024e+003;7.608023e-003
3.914952e+003;7.417145e-003
3.916881e+003;7.535397e-003
3.918810e+003;7.686731e-003
3.920738e+003;7.804619e-003
3.922667e+003;7.950851e-003
3.924595e+003;7.852694e-003
3.926524e+003;7.920446e-003
3.928452e+003;8.413082e-003
3.930381e+003;8.352482e-003
3.932309e+003;7.764577e-003
3.934238e+003;7.557312e-003
3.936167e+003;7.587926e-003
3.938095e+003;7.803472e-003
3.940023e+003;8.365689e-003
3.941952e+003;8.454029e-003
3.943881e+003;8.059932e-003
3.945809e+003;7.830798e-003
3.947738e+003;8.002114e-003
3.949666e+003;8.271997e-003
3.951595e+003;8.235290e-003
3.953523e+003;8.494370e-003
3.955452e+003;8.839927e-003
3.957380e+003;8.824034e-003
3.959309e+003;9.115576e-003
3.961238e+003;9.190903e-003
3.963166e+003;9.123798e-003
3.965095e+003;9.300669e-003
3.967023e+003;8.955625e-003
3.968952e+003;8.630626e-003
3.970880e+003;9.045776e-003
3.972809e+003;9.078932e-003
3.974737e+003;8.781599e-003
3.976666e+003;8.917202e-003
3.978594e+003;9.287196e-003
3.980523e+003;9.439515e-003
3.982452e+003;9.668619e-003
3.984380e+003;9.690201e-003
3.986309e+003;9.644938e-003
3.988237e+003;9.777218e-003
3.990166e+003;9.941134e-003
3.992094e+003;9.608655e-003
3.994023e+003;9.078830e-003
3.995951e+003;9.473886e-003
3.997880e+003;1.013024e-002
3.999809e+003;1.050742e-002
4.001737e+003;0.000000e+000
